
  --------------------------------- START OF FEAP LOG ----------------------------------

  INPUT FILE NAME: Isi                                                                                                                             

  MESH INPUT RECORDS
  ------------------
     KIMSetup                       
     mate            1              
     param                          
     block                          
     eboun                          
     cboun                          
     param                          
     edisp                          
     end                            

  --------------------------------- END OF MESH INPUTS ---------------------------------

  CONVERGENCE LABELS
  ----------------
    UN = Unconverged
    LI = Linear Problem: No Test
    ER = Energy & Residual Converged
    EN = Energy Converged
    RN = Residual Converged
    ET = Energy Converged to Zero Tolerance
    RT = Residual Converged to Tolerance

  SOLUTION SUMMARY
  ----------------
    Load  Total     Solution      Time     Residual Norm        Energy Norm     CPU Time Cn
    Step Tang+Form      Time      Incr.  Initial     Final   Initial     Final (Seconds)
  -----------------------------------------------------------------------------------------
       1    3   0  2.000E+00  2.00E+00  6.61E+07  1.09E-01  6.74E+04  1.84E-13      1.07 EN
       2    3   0  4.000E+00  2.00E+00  6.63E+07  1.10E-01  6.78E+04  1.88E-13      2.09 EN
       3    3   0  6.000E+00  2.00E+00  6.64E+07  1.11E-01  6.81E+04  1.92E-13      3.12 EN
       4    3   0  8.000E+00  2.00E+00  6.66E+07  1.13E-01  6.85E+04  1.96E-13      4.05 EN
       5    3   0  1.000E+01  2.00E+00  6.68E+07  1.14E-01  6.88E+04  2.00E-13      5.05 EN
       6    3   0  1.200E+01  2.00E+00  6.69E+07  1.15E-01  6.92E+04  2.04E-13      6.02 EN
       7    3   0  1.400E+01  2.00E+00  6.71E+07  1.16E-01  6.96E+04  2.08E-13      7.04 EN
       8    3   0  1.600E+01  2.00E+00  6.73E+07  1.17E-01  6.99E+04  2.12E-13      8.12 EN
       9    3   0  1.800E+01  2.00E+00  6.74E+07  1.18E-01  7.03E+04  2.16E-13      9.13 EN
      10    3   0  2.000E+01  2.00E+00  6.76E+07  1.19E-01  7.07E+04  2.19E-13     10.00 EN
      11    3   0  2.200E+01  2.00E+00  6.78E+07  1.20E-01  7.11E+04  2.23E-13     10.80 EN
      12    3   0  2.400E+01  2.00E+00  6.79E+07  1.21E-01  7.14E+04  2.27E-13     11.68 EN
      13    3   0  2.600E+01  2.00E+00  6.81E+07  1.22E-01  7.18E+04  2.31E-13     12.54 EN
      14    3   0  2.800E+01  2.00E+00  6.82E+07  1.23E-01  7.22E+04  2.34E-13     13.37 EN
      15    3   0  3.000E+01  2.00E+00  6.84E+07  1.24E-01  7.26E+04  2.38E-13     14.24 EN
      16    3   0  3.200E+01  2.00E+00  6.86E+07  1.25E-01  7.30E+04  2.42E-13     15.11 EN
      17    3   0  3.400E+01  2.00E+00  6.87E+07  1.26E-01  7.33E+04  2.46E-13     15.99 EN
      18    3   0  3.600E+01  2.00E+00  6.89E+07  1.27E-01  7.37E+04  2.50E-13     16.89 EN
      19    3   0  3.800E+01  2.00E+00  6.91E+07  1.28E-01  7.41E+04  2.53E-13     17.81 EN
      20    3   0  4.000E+01  2.00E+00  6.92E+07  1.29E-01  7.45E+04  2.57E-13     18.76 EN
      21    3   0  4.200E+01  2.00E+00  6.94E+07  1.29E-01  7.49E+04  2.61E-13     19.70 EN
      22    3   0  4.400E+01  2.00E+00  6.96E+07  1.30E-01  7.53E+04  2.64E-13     20.75 EN
      23    3   0  4.600E+01  2.00E+00  6.97E+07  1.31E-01  7.57E+04  2.68E-13     21.94 EN
      24    3   0  4.800E+01  2.00E+00  6.99E+07  1.32E-01  7.61E+04  2.71E-13     23.03 EN
      25    3   0  5.000E+01  2.00E+00  7.01E+07  1.33E-01  7.65E+04  2.75E-13     24.07 EN
      26    3   0  5.200E+01  2.00E+00  7.02E+07  1.34E-01  7.69E+04  2.78E-13     25.13 EN
      27    3   0  5.400E+01  2.00E+00  7.04E+07  1.34E-01  7.73E+04  2.82E-13     26.21 EN
      28    3   0  5.600E+01  2.00E+00  7.06E+07  1.35E-01  7.77E+04  2.85E-13     27.26 EN
      29    3   0  5.800E+01  2.00E+00  7.07E+07  1.36E-01  7.81E+04  2.88E-13     28.39 EN
      30    3   0  6.000E+01  2.00E+00  7.09E+07  1.37E-01  7.86E+04  2.92E-13     29.49 EN
      31    3   0  6.200E+01  2.00E+00  7.11E+07  1.37E-01  7.90E+04  2.95E-13     30.60 EN
      32    3   0  6.400E+01  2.00E+00  7.12E+07  1.38E-01  7.94E+04  2.98E-13     31.72 EN
      33    3   0  6.600E+01  2.00E+00  7.14E+07  1.39E-01  7.98E+04  3.01E-13     33.28 EN
      34    3   0  6.800E+01  2.00E+00  7.16E+07  1.39E-01  8.02E+04  3.04E-13     34.83 EN
      35    3   0  7.000E+01  2.00E+00  7.17E+07  1.40E-01  8.06E+04  3.07E-13     36.41 EN
      36    3   0  7.200E+01  2.00E+00  7.19E+07  1.40E-01  8.11E+04  3.09E-13     38.41 EN
      37    3   0  7.400E+01  2.00E+00  7.21E+07  1.41E-01  8.15E+04  3.12E-13     40.66 EN
      38    3   0  7.600E+01  2.00E+00  7.22E+07  1.42E-01  8.19E+04  3.15E-13     45.02 EN
      39    3   0  7.800E+01  2.00E+00  7.24E+07  1.42E-01  8.23E+04  3.17E-13     49.37 EN
      40    3   0  8.000E+01  2.00E+00  7.26E+07  1.43E-01  8.27E+04  3.20E-13     53.39 EN
      41    3   0  8.200E+01  2.00E+00  7.27E+07  1.43E-01  8.32E+04  3.22E-13     62.79 EN
      42    3   0  8.400E+01  2.00E+00  7.29E+07  1.43E-01  8.36E+04  3.24E-13     68.97 EN
      43    3   0  8.600E+01  2.00E+00  7.31E+07  1.44E-01  8.40E+04  3.26E-13     76.48 EN
      44    3   0  8.800E+01  2.00E+00  7.32E+07  1.44E-01  8.45E+04  3.28E-13     83.10 EN
      45    3   0  9.000E+01  2.00E+00  7.34E+07  1.45E-01  8.49E+04  3.31E-13     88.01 EN
      46    3   0  9.200E+01  2.00E+00  7.36E+07  1.45E-01  8.53E+04  3.32E-13     93.27 EN
      47    3   0  9.400E+01  2.00E+00  7.37E+07  1.45E-01  8.58E+04  3.34E-13     98.27 EN
      48    3   0  9.600E+01  2.00E+00  7.39E+07  1.46E-01  8.62E+04  3.35E-13    103.16 EN
      49    3   0  9.800E+01  2.00E+00  7.40E+07  1.46E-01  8.66E+04  3.37E-13    109.28 EN
      50    3   0  1.000E+02  2.00E+00  7.42E+07  1.46E-01  8.71E+04  3.38E-13    114.79 EN
      51    3   0  1.020E+02  2.00E+00  7.44E+07  1.46E-01  8.75E+04  3.39E-13    126.21 EN
      52    3   0  1.040E+02  2.00E+00  7.45E+07  1.46E-01  8.80E+04  3.38E-13    134.03 EN
      53    3   0  1.060E+02  2.00E+00  7.47E+07  1.46E-01  8.84E+04  3.37E-13    140.13 EN
      54    3   0  1.080E+02  2.00E+00  7.49E+07  1.45E-01  8.88E+04  3.35E-13    145.92 EN
      55    3   0  1.100E+02  2.00E+00  7.50E+07  1.45E-01  8.93E+04  3.32E-13    151.88 EN
      56    3   0  1.120E+02  2.00E+00  7.52E+07  1.43E-01  8.97E+04  3.26E-13    157.54 EN
      57    3   0  1.140E+02  2.00E+00  7.53E+07  1.41E-01  9.02E+04  3.18E-13    163.92 EN
      58    3   0  1.160E+02  2.00E+00  7.55E+07  1.39E-01  9.06E+04  3.07E-13    170.15 EN
      59    3   0  1.180E+02  2.00E+00  7.56E+07  1.36E-01  9.10E+04  2.92E-13    176.61 EN
      60    3   0  1.200E+02  2.00E+00  7.58E+07  1.31E-01  9.15E+04  2.74E-13    182.96 EN
      61    3   0  1.220E+02  2.00E+00  7.59E+07  1.25E-01  9.19E+04  2.50E-13    189.21 EN
      62    3   0  1.240E+02  2.00E+00  7.61E+07  1.18E-01  9.23E+04  2.23E-13    195.93 EN
      63    3   0  1.260E+02  2.00E+00  7.62E+07  1.10E-01  9.27E+04  1.93E-13    202.34 EN
      64    3   0  1.280E+02  2.00E+00  7.63E+07  1.00E-01  9.31E+04  1.60E-13    209.14 EN
      65    3   0  1.300E+02  2.00E+00  7.65E+07  8.88E-02  9.35E+04  1.26E-13    215.74 EN
      66    3   0  1.320E+02  2.00E+00  7.66E+07  7.66E-02  9.38E+04  9.41E-14    222.81 EN
      67    3   0  1.340E+02  2.00E+00  7.67E+07  6.32E-02  9.42E+04  6.41E-14    229.07 EN
      68    3   0  1.360E+02  2.00E+00  7.67E+07  4.94E-02  9.45E+04  3.93E-14    235.14 ER
      69    3   0  1.380E+02  2.00E+00  7.68E+07  3.53E-02  9.47E+04  2.01E-14    241.89 ER
      70    3   0  1.400E+02  2.00E+00  7.68E+07  2.19E-02  9.50E+04  7.76E-15    247.96 ER
      71    3   0  1.420E+02  2.00E+00  7.68E+07  1.00E-02  9.52E+04  1.64E-15    254.19 ER
      72    3   0  1.440E+02  2.00E+00  7.68E+07  2.65E-04  9.53E+04  1.88E-18    260.78 ER
      73    3   0  1.460E+02  2.00E+00  7.68E+07  7.14E-03  9.54E+04  8.25E-16    267.17 ER
      74    3   0  1.480E+02  2.00E+00  7.67E+07  1.07E-02  9.54E+04  1.85E-15    273.20 ER
      75    3   0  1.500E+02  2.00E+00  7.66E+07  1.09E-02  9.54E+04  1.96E-15    279.72 ER
      76    3   0  1.520E+02  2.00E+00  7.64E+07  7.85E-03  9.53E+04  1.01E-15    285.96 ER
      77    3   0  1.540E+02  2.00E+00  7.62E+07  3.29E-03  9.51E+04  1.77E-16    292.67 ER
      78    3   0  1.560E+02  2.00E+00  7.59E+07  6.41E-06  9.47E+04  2.56E-21    299.28 ER
      79    3   0  1.580E+02  2.00E+00  7.56E+07  5.55E-03  9.43E+04  5.09E-16    305.60 ER
      80    3   0  1.600E+02  2.00E+00  7.51E+07  3.15E-02  9.38E+04  1.66E-14    312.84 ER
      81    3   0  1.620E+02  2.00E+00  7.47E+07  9.96E-02  9.30E+04  1.66E-13    319.16 EN
      82    3   0  1.640E+02  2.00E+00  7.41E+07  2.48E-01  9.22E+04  1.04E-12    326.54 EN
      83    3   0  1.660E+02  2.00E+00  7.34E+07  5.45E-01  9.11E+04  5.07E-12    333.56 EN
      84    4   0  1.680E+02  2.00E+00  7.26E+07  1.43E-05  8.99E+04  8.65E-21    340.88 ER
      85    4   0  1.700E+02  2.00E+00  7.16E+07  5.21E-06  8.84E+04  7.34E-22    348.76 ER
      86    4   0  1.720E+02  2.00E+00  7.05E+07  1.20E-05  8.66E+04  6.62E-21    357.65 ER
      87    4   0  1.740E+02  2.00E+00  6.93E+07  1.58E-05  8.46E+04  9.38E-21    366.00 ER
      88    4   0  1.760E+02  2.00E+00  6.78E+07  1.41E-05  8.21E+04  1.11E-20    374.54 ER
      89    4   0  1.780E+02  2.00E+00  6.60E+07  7.41E-06  7.92E+04  3.14E-21    382.73 ER
      90    4   0  1.800E+02  2.00E+00  6.39E+07  1.55E-05  7.57E+04  8.15E-21    390.71 ER
      91    4   0  1.820E+02  2.00E+00  6.14E+07  7.01E-06  7.16E+04  2.95E-21    399.79 ER
      92    4   0  1.840E+02  2.00E+00  5.83E+07  1.95E-05  6.65E+04  1.43E-20    408.31 ER
      93    4   0  1.860E+02  2.00E+00  5.45E+07  2.84E-05  6.04E+04  1.92E-20    415.02 ER
      94    4   0  1.880E+02  2.00E+00  4.97E+07  2.61E-03  5.26E+04  1.56E-16    422.48 ER
      95    4   0  1.900E+02  2.00E+00  4.32E+07  5.49E-02  4.26E+04  7.64E-14    431.03 ER
      96    5   0  1.920E+02  2.00E+00  3.39E+07  3.06E-04  2.91E+04  5.11E-18    443.07 ER
      97   10   0  1.940E+02  2.00E+00  1.80E+07  3.71E+08  1.02E+04  1.46E+07    465.60 UN
      98    3   0  1.960E+02  2.00E+00  9.83E+07  2.93E-01  1.83E+06  3.45E-12    474.88 EN
      99    3   0  1.980E+02  2.00E+00  9.57E+07  6.97E-01  3.70E+05  1.06E-11    481.42 EN
     100    4   0  2.000E+02  2.00E+00  9.63E+07  1.41E-05  2.03E+05  2.18E-19    489.56 ER
     101    3   0  2.020E+02  2.00E+00  9.70E+07  1.86E+00  2.74E+06  8.43E-11    496.33 EN
     102    4   0  2.040E+02  2.00E+00  9.79E+07  1.24E-05  2.32E+05  1.57E-20    506.77 ER
     103    4   0  2.060E+02  2.00E+00  9.88E+07  4.35E-06  1.99E+05  1.79E-20    519.00 ER
     104    4   0  2.080E+02  2.00E+00  9.99E+07  2.31E-05  1.95E+05  1.38E-19    529.86 ER
     105    4   0  2.100E+02  2.00E+00  1.01E+08  1.33E-05  1.96E+05  6.45E-20    539.48 ER
     106    4   0  2.120E+02  2.00E+00  1.02E+08  2.26E-05  2.00E+05  2.88E-19    549.72 ER
     107    4   0  2.140E+02  2.00E+00  1.04E+08  1.72E-05  2.05E+05  5.18E-20    559.37 ER
     108    4   0  2.160E+02  2.00E+00  1.05E+08  8.82E-06  2.18E+05  1.21E-19    568.64 ER
     109    4   0  2.180E+02  2.00E+00  1.06E+08  8.23E-06  2.48E+05  8.57E-20    577.96 ER
     110    4   0  2.200E+02  2.00E+00  1.07E+08  1.22E-05  3.54E+05  2.46E-19    587.46 ER
     111    4   0  2.220E+02  2.00E+00  1.09E+08  1.96E-05  8.00E+05  1.83E-19    596.84 ER
     112    4   0  2.240E+02  2.00E+00  1.10E+08  1.32E-05  3.32E+05  1.24E-19    606.08 ER
     113    4   0  2.260E+02  2.00E+00  1.11E+08  8.03E-06  9.34E+05  1.43E-20    615.40 ER
     114    4   0  2.280E+02  2.00E+00  1.12E+08  2.28E-05  6.82E+05  7.02E-19    624.54 ER
     115    4   0  2.300E+02  2.00E+00  1.14E+08  8.88E-06  3.44E+05  8.66E-20    633.54 ER
     116    4   0  2.320E+02  2.00E+00  1.15E+08  9.40E-06  2.56E+05  9.55E-20    642.35 ER
     117    4   0  2.340E+02  2.00E+00  1.16E+08  1.24E-05  2.76E+05  3.11E-19    651.71 ER
     118    4   0  2.360E+02  2.00E+00  1.17E+08  8.73E-06  4.80E+05  6.99E-20    661.10 ER
     119    4   0  2.380E+02  2.00E+00  1.18E+08  9.63E-06  6.27E+05  5.36E-20    671.46 ER
     120    4   0  2.400E+02  2.00E+00  1.19E+08  1.50E-05  4.44E+05  1.07E-19    681.90 ER
     121    4   0  2.420E+02  2.00E+00  1.20E+08  1.53E-05  2.65E+05  9.49E-20    692.61 ER
     122    4   0  2.440E+02  2.00E+00  1.21E+08  1.02E-05  2.21E+05  3.58E-20    703.08 ER
     123    4   0  2.460E+02  2.00E+00  1.22E+08  1.64E-05  2.01E+05  3.80E-20    713.13 ER
     124    4   0  2.480E+02  2.00E+00  1.22E+08  1.07E-05  1.90E+05  2.20E-20    724.00 ER
     125    3   0  2.500E+02  2.00E+00  1.23E+08  1.16E+00  1.83E+05  1.55E-11    733.39 EN
     126    3   0  2.520E+02  2.00E+00  1.24E+08  1.03E+00  1.78E+05  1.20E-11    742.49 EN
     127    3   0  2.540E+02  2.00E+00  1.25E+08  9.35E-01  1.76E+05  9.68E-12    750.76 EN
     128    3   0  2.560E+02  2.00E+00  1.25E+08  8.42E-01  1.74E+05  7.73E-12    758.64 EN
     129    3   0  2.580E+02  2.00E+00  1.26E+08  7.58E-01  1.72E+05  6.17E-12    766.78 EN
     130    3   0  2.600E+02  2.00E+00  1.27E+08  6.82E-01  1.72E+05  4.96E-12    774.67 EN
     131    3   0  2.620E+02  2.00E+00  1.27E+08  6.12E-01  1.71E+05  3.99E-12    783.12 EN
     132    3   0  2.640E+02  2.00E+00  1.28E+08  5.46E-01  1.72E+05  3.22E-12    791.54 EN
     133    3   0  2.660E+02  2.00E+00  1.28E+08  4.80E-01  1.73E+05  2.45E-12    800.47 EN
     134    3   0  2.680E+02  2.00E+00  1.29E+08  4.17E-01  1.74E+05  1.82E-12    809.19 EN
     135    3   0  2.700E+02  2.00E+00  1.29E+08  3.58E-01  1.75E+05  1.34E-12    819.72 EN
     136    3   0  2.720E+02  2.00E+00  1.30E+08  2.99E-01  1.76E+05  9.31E-13    829.96 EN
     137    3   0  2.740E+02  2.00E+00  1.30E+08  2.43E-01  1.77E+05  6.18E-13    840.01 EN
     138    3   0  2.760E+02  2.00E+00  1.31E+08  1.89E-01  1.78E+05  3.75E-13    850.16 EN
     139    3   0  2.780E+02  2.00E+00  1.31E+08  1.38E-01  1.79E+05  2.07E-13    860.17 EN
     140    3   0  2.800E+02  2.00E+00  1.31E+08  9.10E-02  1.80E+05  5.06E-12    871.00 EN
     141    3   0  2.820E+02  2.00E+00  1.31E+08  5.40E-02  1.81E+05  3.42E-14    882.47 ER
     142    3   0  2.840E+02  2.00E+00  1.32E+08  2.33E-02  1.82E+05  7.05E-15    892.44 ER
     143    3   0  2.860E+02  2.00E+00  1.32E+08  5.81E-03  1.84E+05  5.85E-16    903.19 ER
     144    3   0  2.880E+02  2.00E+00  1.32E+08  1.86E-04  1.88E+05  2.03E-17    914.18 ER
     145    3   0  2.900E+02  2.00E+00  1.32E+08  1.52E-02  1.96E+05  2.94E-15    925.75 ER
     146    3   0  2.920E+02  2.00E+00  1.31E+08  4.91E-02  2.23E+05  2.96E-14    935.28 ER
     147    3   0  2.940E+02  2.00E+00  1.31E+08  1.17E-01  3.96E+05  1.79E-13    944.19 EN
     148    3   0  2.960E+02  2.00E+00  1.31E+08  2.09E-01  4.34E+05  1.21E-12    955.12 EN
     149    3   0  2.980E+02  2.00E+00  1.31E+08  3.13E-01  2.47E+05  3.99E-12    967.68 EN
     150    3   0  3.000E+02  2.00E+00  1.30E+08  4.77E-01  2.56E+05  3.07E-12    980.42 EN
     151    3   0  3.020E+02  2.00E+00  1.29E+08  4.97E-01  1.77E+05  1.56E-11    989.59 EN
     152    3   0  3.040E+02  2.00E+00  1.29E+08  4.96E-01  1.75E+05  5.02E-10   1000.12 RT
     153    3   0  3.060E+02  2.00E+00  1.28E+08  2.58E-01  8.78E+05  1.44E-12   1009.53 EN
     154    3   0  3.080E+02  2.00E+00  1.28E+08  6.73E-03  2.77E+05  1.01E-15   1021.68 ER
     155   10   0  3.100E+02  2.00E+00  1.27E+08  5.54E+09  1.71E+05  1.47E+09   1198.17 UN
     156   10   0  3.120E+02  2.00E+00  2.35E+09  6.56E+08  1.76E+08  2.12E+07   1368.80 UN
     157    4   0  3.140E+02  2.00E+00  2.22E+08  2.17E+00  5.56E+05  5.43E-10   1426.40 RT
     158    5   0  3.160E+02  2.00E+00  2.03E+08  4.85E-03  3.16E+05  4.95E-15   1475.66 ER
     159    5   0  3.180E+02  2.00E+00  2.02E+08  2.68E-02  3.15E+05  2.18E-13   1529.37 EN
     160   10   0  3.200E+02  2.00E+00  2.03E+08  8.05E+06  4.59E+05  7.10E+03   1609.85 UN
     161    7   0  3.220E+02  2.00E+00  2.03E+08  1.45E-03  3.19E+05  3.80E-16   1675.85 ER
     162    5   0  3.240E+02  2.00E+00  2.05E+08  1.77E-03  3.31E+05  3.70E-16   1722.29 ER
     163    6   0  3.260E+02  2.00E+00  2.06E+08  1.60E-03  3.39E+05  7.98E-16   1775.97 ER
     164    6   0  3.280E+02  2.00E+00  2.07E+08  5.23E-01  3.52E+05  3.65E-11   1832.40 RT
     165    4   0  3.300E+02  2.00E+00  2.08E+08  2.12E-03  3.48E+05  2.36E-16   1874.10 ER
     166    5   0  3.320E+02  2.00E+00  2.09E+08  4.66E-03  3.53E+05  3.54E-15   1923.69 ER
     167    5   0  3.340E+02  2.00E+00  2.09E+08  2.69E-04  3.62E+05  2.44E-18   1975.37 ER
     168    4   0  3.360E+02  2.00E+00  2.11E+08  2.88E-04  3.42E+05  5.36E-18   2015.24 ER
     169    4   0  3.380E+02  2.00E+00  2.11E+08  2.72E-04  3.43E+05  3.58E-18   2055.01 ER
     170    4   0  3.400E+02  2.00E+00  2.11E+08  3.00E-04  3.43E+05  1.23E-17   2095.28 ER
     171    4   0  3.420E+02  2.00E+00  2.11E+08  7.19E-04  3.44E+05  2.39E-17   2134.56 ER
     172    4   0  3.440E+02  2.00E+00  2.11E+08  5.72E-04  3.44E+05  6.52E-17   2173.45 ER
     173    4   0  3.460E+02  2.00E+00  2.10E+08  6.83E-03  3.43E+05  8.40E-15   2213.87 ER
     174   10   0  3.480E+02  2.00E+00  2.09E+08  4.46E+08  3.40E+05  1.35E+07   2317.43 UN
     175    4   0  3.500E+02  2.00E+00  2.37E+08  3.02E-04  4.54E+05  4.31E-18   2371.22 ER
     176    4   0  3.520E+02  2.00E+00  2.19E+08  6.26E-04  3.81E+05  2.58E-17   2409.88 ER

  Sum     631   0
  ---------------------------------- END OF FEAP LOG --------------------------------------
