
  --------------------------------- START OF FEAP LOG ----------------------------------

  INPUT FILE NAME: Isi_p3                                                                                                                          

  MESH INPUT RECORDS
  ------------------
     KIMSetup                       
     mate            1              
     param                          
     block                          
     eboun                          
     cboun                          
     param                          
     edisp                          
     end                            

  --------------------------------- END OF MESH INPUTS ---------------------------------

  CONVERGENCE LABELS
  ----------------
    UN = Unconverged
    LI = Linear Problem: No Test
    ER = Energy & Residual Converged
    EN = Energy Converged
    RN = Residual Converged
    ET = Energy Converged to Zero Tolerance
    RT = Residual Converged to Tolerance

  SOLUTION SUMMARY
  ----------------
    Load  Total     Solution      Time     Residual Norm        Energy Norm     CPU Time Cn
    Step Tang+Form      Time      Incr.  Initial     Final   Initial     Final (Seconds)
  -----------------------------------------------------------------------------------------
       1    3   0  2.000E+00  2.00E+00  4.41E+07  2.15E-02  3.00E+04  7.16E-15      1.05 EN
       2    3   0  4.000E+00  2.00E+00  4.42E+07  2.17E-02  3.01E+04  7.27E-15      1.94 EN
       3    3   0  6.000E+00  2.00E+00  4.42E+07  2.18E-02  3.02E+04  7.35E-15      2.85 EN
       4    3   0  8.000E+00  2.00E+00  4.43E+07  2.20E-02  3.03E+04  7.46E-15      3.80 EN
       5    3   0  1.000E+01  2.00E+00  4.44E+07  2.21E-02  3.04E+04  7.56E-15      4.71 EN
       6    3   0  1.200E+01  2.00E+00  4.44E+07  2.22E-02  3.05E+04  7.63E-15      5.66 EN
       7    3   0  1.400E+01  2.00E+00  4.45E+07  2.24E-02  3.06E+04  7.74E-15      6.57 EN
       8    3   0  1.600E+01  2.00E+00  4.46E+07  2.26E-02  3.07E+04  7.86E-15      7.50 EN
       9    3   0  1.800E+01  2.00E+00  4.47E+07  2.27E-02  3.08E+04  7.99E-15      8.43 EN
      10    3   0  2.000E+01  2.00E+00  4.47E+07  2.28E-02  3.09E+04  8.06E-15      9.34 EN
      11    3   0  2.200E+01  2.00E+00  4.48E+07  2.30E-02  3.10E+04  8.19E-15     10.57 EN
      12    3   0  2.400E+01  2.00E+00  4.49E+07  2.31E-02  3.11E+04  8.24E-15     11.73 EN
      13    3   0  2.600E+01  2.00E+00  4.50E+07  2.33E-02  3.12E+04  8.41E-15     12.66 EN
      14    3   0  2.800E+01  2.00E+00  4.50E+07  2.34E-02  3.14E+04  8.50E-15     13.54 EN
      15    3   0  3.000E+01  2.00E+00  4.51E+07  2.36E-02  3.15E+04  8.59E-15     14.47 EN
      16    3   0  3.200E+01  2.00E+00  4.52E+07  2.37E-02  3.16E+04  8.70E-15     15.30 EN
      17    3   0  3.400E+01  2.00E+00  4.52E+07  2.39E-02  3.17E+04  8.81E-15     16.14 EN
      18    3   0  3.600E+01  2.00E+00  4.53E+07  2.40E-02  3.18E+04  8.90E-15     16.98 EN
      19    3   0  3.800E+01  2.00E+00  4.54E+07  2.41E-02  3.19E+04  9.01E-15     17.82 EN
      20    3   0  4.000E+01  2.00E+00  4.55E+07  2.42E-02  3.20E+04  9.10E-15     18.63 EN
      21    3   0  4.200E+01  2.00E+00  4.55E+07  2.43E-02  3.21E+04  9.19E-15     19.43 EN
      22    3   0  4.400E+01  2.00E+00  4.56E+07  2.45E-02  3.23E+04  9.31E-15     20.30 EN
      23    3   0  4.600E+01  2.00E+00  4.57E+07  2.46E-02  3.24E+04  9.40E-15     21.11 EN
      24    3   0  4.800E+01  2.00E+00  4.58E+07  2.47E-02  3.25E+04  9.50E-15     21.95 EN
      25    3   0  5.000E+01  2.00E+00  4.58E+07  2.49E-02  3.26E+04  9.60E-15     22.81 EN
      26    3   0  5.200E+01  2.00E+00  4.59E+07  2.50E-02  3.27E+04  9.70E-15     23.72 EN
      27    3   0  5.400E+01  2.00E+00  4.60E+07  2.51E-02  3.28E+04  9.80E-15     24.65 EN
      28    3   0  5.600E+01  2.00E+00  4.60E+07  2.52E-02  3.29E+04  9.90E-15     25.52 EN
      29    3   0  5.800E+01  2.00E+00  4.61E+07  2.54E-02  3.31E+04  1.00E-14     26.43 EN
      30    3   0  6.000E+01  2.00E+00  4.62E+07  2.55E-02  3.32E+04  1.01E-14     27.29 EN
      31    3   0  6.200E+01  2.00E+00  4.63E+07  2.56E-02  3.33E+04  1.02E-14     28.17 EN
      32    3   0  6.400E+01  2.00E+00  4.63E+07  2.57E-02  3.34E+04  1.03E-14     29.04 EN
      33    3   0  6.600E+01  2.00E+00  4.64E+07  2.58E-02  3.35E+04  1.04E-14     29.98 EN
      34    3   0  6.800E+01  2.00E+00  4.65E+07  2.59E-02  3.36E+04  1.05E-14     30.98 EN
      35    3   0  7.000E+01  2.00E+00  4.66E+07  2.60E-02  3.38E+04  1.05E-14     32.14 EN
      36    3   0  7.200E+01  2.00E+00  4.66E+07  2.61E-02  3.39E+04  1.06E-14     33.18 EN
      37    3   0  7.400E+01  2.00E+00  4.67E+07  2.62E-02  3.40E+04  1.07E-14     34.29 EN
      38    3   0  7.600E+01  2.00E+00  4.68E+07  2.64E-02  3.41E+04  1.08E-14     35.32 EN
      39    3   0  7.800E+01  2.00E+00  4.69E+07  2.65E-02  3.42E+04  1.09E-14     36.33 EN
      40    3   0  8.000E+01  2.00E+00  4.69E+07  2.65E-02  3.44E+04  1.10E-14     37.33 EN
      41    3   0  8.200E+01  2.00E+00  4.70E+07  2.67E-02  3.45E+04  1.11E-14     38.36 EN
      42    3   0  8.400E+01  2.00E+00  4.71E+07  2.67E-02  3.46E+04  1.12E-14     39.42 EN
      43    3   0  8.600E+01  2.00E+00  4.72E+07  2.69E-02  3.47E+04  1.13E-14     40.47 EN
      44    3   0  8.800E+01  2.00E+00  4.72E+07  2.69E-02  3.49E+04  1.13E-14     41.49 EN
      45    3   0  9.000E+01  2.00E+00  4.73E+07  2.70E-02  3.50E+04  1.14E-14     42.49 EN
      46    3   0  9.200E+01  2.00E+00  4.74E+07  2.71E-02  3.51E+04  1.15E-14     43.59 EN
      47    3   0  9.400E+01  2.00E+00  4.75E+07  2.72E-02  3.52E+04  1.16E-14     44.69 EN
      48    3   0  9.600E+01  2.00E+00  4.75E+07  2.73E-02  3.53E+04  1.17E-14     45.75 EN
      49    3   0  9.800E+01  2.00E+00  4.76E+07  2.74E-02  3.55E+04  1.17E-14     46.84 EN
      50    3   0  1.000E+02  2.00E+00  4.77E+07  2.75E-02  3.56E+04  1.18E-14     48.35 EN
      51    3   0  1.020E+02  2.00E+00  4.78E+07  2.76E-02  3.57E+04  1.19E-14     49.89 EN
      52    3   0  1.040E+02  2.00E+00  4.78E+07  2.76E-02  3.58E+04  1.20E-14     53.27 EN
      53    3   0  1.060E+02  2.00E+00  4.79E+07  2.77E-02  3.60E+04  1.21E-14     55.93 EN
      54    3   0  1.080E+02  2.00E+00  4.80E+07  2.78E-02  3.61E+04  1.21E-14     57.96 EN
      55    3   0  1.100E+02  2.00E+00  4.80E+07  2.79E-02  3.62E+04  1.22E-14     59.96 ER
      56    3   0  1.120E+02  2.00E+00  4.81E+07  2.79E-02  3.63E+04  1.23E-14     61.91 ER
      57    3   0  1.140E+02  2.00E+00  4.82E+07  2.80E-02  3.65E+04  1.23E-14     66.42 ER
      58    3   0  1.160E+02  2.00E+00  4.83E+07  2.81E-02  3.66E+04  1.24E-14     70.01 ER
      59    3   0  1.180E+02  2.00E+00  4.83E+07  2.82E-02  3.67E+04  1.25E-14     72.83 ER
      60    3   0  1.200E+02  2.00E+00  4.84E+07  2.82E-02  3.68E+04  1.25E-14     76.92 ER
      61    3   0  1.220E+02  2.00E+00  4.85E+07  2.83E-02  3.70E+04  1.26E-14     80.87 ER
      62    3   0  1.240E+02  2.00E+00  4.86E+07  2.83E-02  3.71E+04  1.26E-14     84.59 ER
      63    3   0  1.260E+02  2.00E+00  4.86E+07  2.84E-02  3.72E+04  1.27E-14     88.60 ER
      64    3   0  1.280E+02  2.00E+00  4.87E+07  2.85E-02  3.73E+04  1.28E-14     93.23 ER
      65    3   0  1.300E+02  2.00E+00  4.88E+07  2.85E-02  3.75E+04  1.28E-14    101.78 ER
      66    3   0  1.320E+02  2.00E+00  4.89E+07  2.86E-02  3.76E+04  1.29E-14    108.33 ER
      67    3   0  1.340E+02  2.00E+00  4.89E+07  2.86E-02  3.77E+04  1.29E-14    112.69 ER
      68    3   0  1.360E+02  2.00E+00  4.90E+07  2.87E-02  3.79E+04  1.30E-14    116.90 ER
      69    3   0  1.380E+02  2.00E+00  4.91E+07  2.87E-02  3.80E+04  1.30E-14    121.44 ER
      70    3   0  1.400E+02  2.00E+00  4.91E+07  2.88E-02  3.81E+04  1.31E-14    126.10 ER
      71    3   0  1.420E+02  2.00E+00  4.92E+07  2.88E-02  3.82E+04  1.31E-14    130.26 ER
      72    3   0  1.440E+02  2.00E+00  4.93E+07  2.89E-02  3.84E+04  1.32E-14    135.03 ER
      73    3   0  1.460E+02  2.00E+00  4.94E+07  2.89E-02  3.85E+04  1.32E-14    139.96 ER
      74    3   0  1.480E+02  2.00E+00  4.94E+07  2.90E-02  3.86E+04  1.33E-14    145.11 ER
      75    3   0  1.500E+02  2.00E+00  4.95E+07  2.89E-02  3.88E+04  1.32E-14    150.11 ER
      76    3   0  1.520E+02  2.00E+00  4.96E+07  2.90E-02  3.89E+04  1.33E-14    162.86 ER
      77    3   0  1.540E+02  2.00E+00  4.97E+07  2.90E-02  3.90E+04  1.34E-14    171.38 ER
      78    3   0  1.560E+02  2.00E+00  4.97E+07  2.90E-02  3.92E+04  1.33E-14    176.57 ER
      79    3   0  1.580E+02  2.00E+00  4.98E+07  2.90E-02  3.93E+04  1.33E-14    181.69 ER
      80    3   0  1.600E+02  2.00E+00  4.99E+07  2.89E-02  3.94E+04  1.33E-14    188.05 ER
      81    3   0  1.620E+02  2.00E+00  4.99E+07  2.88E-02  3.95E+04  1.31E-14    193.67 ER
      82    3   0  1.640E+02  2.00E+00  5.00E+07  2.88E-02  3.97E+04  1.31E-14    198.97 ER
      83    3   0  1.660E+02  2.00E+00  5.01E+07  2.85E-02  3.98E+04  1.29E-14    204.50 ER
      84    3   0  1.680E+02  2.00E+00  5.02E+07  2.84E-02  3.99E+04  1.28E-14    209.78 ER
      85    3   0  1.700E+02  2.00E+00  5.02E+07  2.81E-02  4.01E+04  1.26E-14    215.35 ER
      86    3   0  1.720E+02  2.00E+00  5.03E+07  2.78E-02  4.02E+04  1.23E-14    220.85 ER
      87    3   0  1.740E+02  2.00E+00  5.04E+07  2.74E-02  4.03E+04  1.20E-14    226.67 ER
      88    3   0  1.760E+02  2.00E+00  5.04E+07  2.71E-02  4.05E+04  1.17E-14    232.24 ER
      89    3   0  1.780E+02  2.00E+00  5.05E+07  2.65E-02  4.06E+04  1.12E-14    238.18 ER
      90    3   0  1.800E+02  2.00E+00  5.06E+07  2.58E-02  4.07E+04  1.06E-14    243.87 ER
      91    3   0  1.820E+02  2.00E+00  5.06E+07  2.51E-02  4.08E+04  1.00E-14    249.71 ER
      92    3   0  1.840E+02  2.00E+00  5.07E+07  2.43E-02  4.10E+04  9.42E-15    255.58 ER
      93    3   0  1.860E+02  2.00E+00  5.08E+07  2.33E-02  4.11E+04  8.66E-15    261.32 ER
      94    3   0  1.880E+02  2.00E+00  5.08E+07  2.22E-02  4.12E+04  7.85E-15    267.01 ER
      95    3   0  1.900E+02  2.00E+00  5.09E+07  2.09E-02  4.13E+04  6.97E-15    272.66 ER
      96    3   0  1.920E+02  2.00E+00  5.09E+07  1.95E-02  4.14E+04  6.09E-15    278.32 ER
      97    3   0  1.940E+02  2.00E+00  5.10E+07  1.82E-02  4.15E+04  5.28E-15    284.19 ER
      98    3   0  1.960E+02  2.00E+00  5.10E+07  1.65E-02  4.16E+04  4.37E-15    289.90 ER
      99    3   0  1.980E+02  2.00E+00  5.11E+07  1.49E-02  4.18E+04  3.54E-15    295.78 ER
     100    3   0  2.000E+02  2.00E+00  5.11E+07  1.31E-02  4.19E+04  2.76E-15    301.63 ER
     101    3   0  2.020E+02  2.00E+00  5.11E+07  1.12E-02  4.19E+04  2.01E-15    307.79 ER
     102    3   0  2.040E+02  2.00E+00  5.12E+07  9.40E-03  4.20E+04  1.42E-15    313.71 ER
     103    3   0  2.060E+02  2.00E+00  5.12E+07  7.47E-03  4.21E+04  9.00E-16    319.66 ER
     104    3   0  2.080E+02  2.00E+00  5.12E+07  5.76E-03  4.22E+04  5.31E-16    325.88 ER
     105    3   0  2.100E+02  2.00E+00  5.12E+07  4.07E-03  4.22E+04  2.68E-16    332.00 ER
     106    3   0  2.120E+02  2.00E+00  5.12E+07  2.56E-03  4.23E+04  1.06E-16    338.13 ER
     107    3   0  2.140E+02  2.00E+00  5.12E+07  1.11E-03  4.23E+04  1.99E-17    344.00 ER
     108    3   0  2.160E+02  2.00E+00  5.12E+07  1.11E-04  4.24E+04  3.39E-19    350.22 ER
     109    3   0  2.180E+02  2.00E+00  5.12E+07  1.10E-03  4.24E+04  1.98E-17    356.76 ER
     110    3   0  2.200E+02  2.00E+00  5.11E+07  1.64E-03  4.24E+04  4.41E-17    363.01 ER
     111    3   0  2.220E+02  2.00E+00  5.11E+07  2.12E-03  4.24E+04  7.49E-17    369.24 ER
     112    3   0  2.240E+02  2.00E+00  5.10E+07  2.26E-03  4.24E+04  8.46E-17    375.34 ER
     113    3   0  2.260E+02  2.00E+00  5.10E+07  1.97E-03  4.24E+04  6.41E-17    381.79 ER
     114    3   0  2.280E+02  2.00E+00  5.09E+07  1.41E-03  4.23E+04  3.33E-17    387.88 ER
     115    3   0  2.300E+02  2.00E+00  5.08E+07  7.74E-04  4.22E+04  9.96E-18    394.04 ER
     116    3   0  2.320E+02  2.00E+00  5.07E+07  2.10E-04  4.22E+04  7.53E-19    400.62 ER
     117    3   0  2.340E+02  2.00E+00  5.05E+07  1.41E-05  4.20E+04  6.18E-21    406.98 ER
     118    3   0  2.360E+02  2.00E+00  5.04E+07  7.32E-04  4.19E+04  9.21E-18    413.20 ER
     119    3   0  2.380E+02  2.00E+00  5.02E+07  2.98E-03  4.18E+04  1.47E-16    419.46 ER
     120    3   0  2.400E+02  2.00E+00  5.00E+07  7.60E-03  4.16E+04  9.65E-16    426.12 ER
     121    3   0  2.420E+02  2.00E+00  4.98E+07  1.64E-02  4.14E+04  4.46E-15    432.88 ER
     122    3   0  2.440E+02  2.00E+00  4.95E+07  3.19E-02  4.11E+04  1.70E-14    440.23 ER
     123    3   0  2.460E+02  2.00E+00  4.92E+07  5.55E-02  4.08E+04  5.23E-14    447.58 ER
     124    3   0  2.480E+02  2.00E+00  4.89E+07  9.54E-02  4.05E+04  1.55E-13    454.53 EN
     125    3   0  2.500E+02  2.00E+00  4.86E+07  1.55E-01  4.01E+04  4.09E-13    460.67 EN
     126    3   0  2.520E+02  2.00E+00  4.82E+07  2.43E-01  3.97E+04  1.02E-12    466.53 EN
     127    3   0  2.540E+02  2.00E+00  4.78E+07  3.79E-01  3.93E+04  2.50E-12    472.71 EN
     128    4   0  2.560E+02  2.00E+00  4.73E+07  2.20E-05  3.88E+04  1.43E-20    480.35 ER
     129    4   0  2.580E+02  2.00E+00  4.68E+07  1.43E-05  3.82E+04  6.59E-21    488.35 ER
     130    4   0  2.600E+02  2.00E+00  4.62E+07  1.17E-05  3.76E+04  6.93E-21    497.07 ER
     131    4   0  2.620E+02  2.00E+00  4.55E+07  1.21E-05  3.69E+04  7.86E-21    504.96 ER
     132    4   0  2.640E+02  2.00E+00  4.48E+07  7.85E-06  3.61E+04  3.17E-21    512.66 ER
     133    4   0  2.660E+02  2.00E+00  4.40E+07  8.40E-06  3.52E+04  3.30E-21    520.39 ER
     134    4   0  2.680E+02  2.00E+00  4.31E+07  1.26E-05  3.42E+04  5.78E-21    527.84 ER
     135    4   0  2.700E+02  2.00E+00  4.21E+07  1.26E-05  3.31E+04  7.87E-21    535.46 ER
     136    4   0  2.720E+02  2.00E+00  4.09E+07  8.40E-06  3.18E+04  2.53E-21    543.17 ER
     137    4   0  2.740E+02  2.00E+00  3.96E+07  2.59E-05  3.04E+04  2.36E-20    550.35 ER
     138    4   0  2.760E+02  2.00E+00  3.81E+07  2.72E-05  2.87E+04  3.92E-20    557.68 ER
     139    4   0  2.780E+02  2.00E+00  3.64E+07  1.64E-05  2.68E+04  7.75E-21    564.66 ER
     140    4   0  2.800E+02  2.00E+00  3.43E+07  1.34E-04  2.46E+04  7.12E-19    571.71 ER
     141    4   0  2.820E+02  2.00E+00  3.18E+07  6.44E-05  2.20E+04  2.24E-19    578.58 ER
     142    4   0  2.840E+02  2.00E+00  2.88E+07  1.43E-03  1.89E+04  4.96E-17    585.78 ER
     143    4   0  2.860E+02  2.00E+00  2.50E+07  1.49E-02  1.52E+04  5.98E-15    594.24 ER
     144    5   0  2.880E+02  2.00E+00  1.98E+07  5.19E-05  1.05E+04  1.43E-19    604.42 ER
     145    5   0  2.900E+02  2.00E+00  1.20E+07  1.54E-03  4.51E+03  1.12E-16    614.15 ER
     146    9   0  2.920E+02  2.00E+00  3.19E+06  1.12E-05  4.79E+02  9.85E-20    632.22 ER
     147    3   0  2.940E+02  2.00E+00  6.36E+07  7.50E-02  1.93E+05  2.18E-13    638.73 EN
     148    3   0  2.960E+02  2.00E+00  6.38E+07  1.26E-01  1.64E+05  3.54E-13    645.36 EN
     149    3   0  2.980E+02  2.00E+00  6.41E+07  1.91E-01  9.12E+04  8.89E-13    651.71 EN
     150    3   0  3.000E+02  2.00E+00  6.44E+07  2.68E-01  1.01E+05  2.06E-11    658.20 RT
     151    3   0  3.020E+02  2.00E+00  6.47E+07  3.51E-01  1.22E+06  3.50E-12    664.47 EN
     152    3   0  3.040E+02  2.00E+00  6.50E+07  4.38E-01  1.21E+05  4.29E-12    671.52 EN
     153    3   0  3.060E+02  2.00E+00  6.55E+07  5.26E-01  9.53E+04  5.71E-12    679.93 EN
     154    3   0  3.080E+02  2.00E+00  6.59E+07  6.09E-01  8.86E+04  7.37E-12    687.69 EN
     155    4   0  3.100E+02  2.00E+00  6.64E+07  1.02E-05  8.67E+04  3.27E-19    696.98 ER
     156    4   0  3.120E+02  2.00E+00  6.69E+07  3.02E-05  8.66E+04  6.55E-20    706.21 ER
     157    4   0  3.140E+02  2.00E+00  6.74E+07  1.71E-05  8.72E+04  5.43E-20    715.15 ER
     158    4   0  3.160E+02  2.00E+00  6.79E+07  1.76E-05  8.81E+04  3.96E-20    724.28 ER
     159    4   0  3.180E+02  2.00E+00  6.85E+07  2.05E-05  8.93E+04  1.20E-19    732.35 ER
     160    4   0  3.200E+02  2.00E+00  6.90E+07  1.43E-05  9.13E+04  7.82E-21    741.83 ER
     161    4   0  3.220E+02  2.00E+00  6.96E+07  3.29E-05  9.45E+04  2.91E-20    750.20 ER
     162    4   0  3.240E+02  2.00E+00  7.02E+07  2.09E-05  1.00E+05  5.51E-20    759.73 ER
     163    4   0  3.260E+02  2.00E+00  7.07E+07  2.49E-05  1.10E+05  5.07E-20    767.45 ER
     164    4   0  3.280E+02  2.00E+00  7.13E+07  3.83E-05  1.33E+05  7.02E-20    776.04 ER
     165    4   0  3.300E+02  2.00E+00  7.19E+07  6.45E-06  2.16E+05  1.11E-20    784.28 ER
     166    3   0  3.320E+02  2.00E+00  7.25E+07  8.66E-01  3.55E+05  2.16E-11    791.79 EN
     167    4   0  3.340E+02  2.00E+00  7.30E+07  8.09E-06  1.54E+05  8.12E-20    800.35 ER
     168    4   0  3.360E+02  2.00E+00  7.36E+07  1.23E-05  1.59E+05  1.26E-19    808.41 ER
     169    3   0  3.380E+02  2.00E+00  7.41E+07  7.61E-01  4.15E+05  3.03E-11    815.32 EN
     170    3   0  3.400E+02  2.00E+00  7.47E+07  7.23E-01  2.80E+05  9.18E-10    822.68 RT
     171    3   0  3.420E+02  2.00E+00  7.52E+07  6.83E-01  9.57E+06  1.29E-11    830.28 EN
     172    3   0  3.440E+02  2.00E+00  7.57E+07  6.45E-01  1.53E+05  8.86E-12    836.99 EN
     173    3   0  3.460E+02  2.00E+00  7.62E+07  6.07E-01  1.18E+05  7.56E-12    843.83 EN
     174    3   0  3.480E+02  2.00E+00  7.67E+07  5.70E-01  1.13E+05  7.14E-12    851.22 EN
     175    3   0  3.500E+02  2.00E+00  7.72E+07  5.34E-01  1.22E+05  7.84E-12    859.06 EN
     176    3   0  3.520E+02  2.00E+00  7.77E+07  5.00E-01  1.58E+05  2.42E-11    866.72 RT
     177    3   0  3.540E+02  2.00E+00  7.82E+07  4.70E-01  5.65E+05  9.91E-12    875.33 EN
     178    3   0  3.560E+02  2.00E+00  7.86E+07  4.42E-01  2.79E+05  1.08E-11    883.82 EN
     179    3   0  3.580E+02  2.00E+00  7.91E+07  4.11E-01  3.51E+05  4.30E-12    892.47 EN
     180    3   0  3.600E+02  2.00E+00  7.95E+07  3.80E-01  1.53E+05  2.65E-12    901.15 EN
     181    3   0  3.620E+02  2.00E+00  7.99E+07  3.54E-01  1.18E+05  2.01E-12    909.87 EN
     182    3   0  3.640E+02  2.00E+00  8.03E+07  3.33E-01  1.03E+05  1.60E-12    918.90 EN
     183    3   0  3.660E+02  2.00E+00  8.07E+07  3.10E-01  9.45E+04  1.31E-12    927.74 EN
     184    3   0  3.680E+02  2.00E+00  8.11E+07  2.86E-01  8.92E+04  1.06E-12    936.27 EN
     185    3   0  3.700E+02  2.00E+00  8.15E+07  2.71E-01  8.56E+04  9.01E-13    944.66 EN
     186    3   0  3.720E+02  2.00E+00  8.18E+07  2.54E-01  8.31E+04  7.73E-13    953.36 EN
     187    3   0  3.740E+02  2.00E+00  8.22E+07  2.32E-01  8.13E+04  6.25E-13    961.73 EN
     188    3   0  3.760E+02  2.00E+00  8.25E+07  2.17E-01  7.99E+04  5.44E-13    970.08 EN
     189    3   0  3.780E+02  2.00E+00  8.28E+07  2.01E-01  7.88E+04  4.51E-13    978.54 EN
     190    3   0  3.800E+02  2.00E+00  8.32E+07  1.88E-01  7.80E+04  3.91E-13    986.57 EN
     191    3   0  3.820E+02  2.00E+00  8.35E+07  1.75E-01  7.74E+04  3.33E-13    994.03 EN
     192    3   0  3.840E+02  2.00E+00  8.38E+07  1.63E-01  7.70E+04  2.90E-13   1001.74 EN
     193    3   0  3.860E+02  2.00E+00  8.41E+07  1.52E-01  7.66E+04  2.50E-13   1009.53 EN
     194    3   0  3.880E+02  2.00E+00  8.43E+07  1.43E-01  7.64E+04  2.69E-13   1017.29 EN
     195    3   0  3.900E+02  2.00E+00  8.46E+07  1.33E-01  7.62E+04  1.15E-12   1025.16 EN
     196    3   0  3.920E+02  2.00E+00  8.49E+07  1.24E-01  7.61E+04  1.78E-13   1033.25 EN
     197    3   0  3.940E+02  2.00E+00  8.51E+07  1.16E-01  7.62E+04  1.58E-13   1041.01 EN
     198    3   0  3.960E+02  2.00E+00  8.54E+07  1.06E-01  7.64E+04  1.88E-13   1049.20 EN
     199    3   0  3.980E+02  2.00E+00  8.56E+07  9.97E-02  7.68E+04  1.05E-13   1056.90 EN
     200    3   0  4.000E+02  2.00E+00  8.58E+07  9.01E-02  7.71E+04  8.65E-14   1064.93 EN
     201    3   0  4.020E+02  2.00E+00  8.61E+07  8.31E-02  7.75E+04  7.28E-14   1072.94 EN
     202    3   0  4.040E+02  2.00E+00  8.63E+07  7.49E-02  7.78E+04  5.86E-14   1082.61 EN
     203    3   0  4.060E+02  2.00E+00  8.65E+07  6.83E-02  7.82E+04  4.87E-14   1092.26 ER
     204    3   0  4.080E+02  2.00E+00  8.66E+07  6.08E-02  7.85E+04  3.88E-14   1101.15 ER
     205    3   0  4.100E+02  2.00E+00  8.68E+07  5.25E-02  7.87E+04  2.87E-14   1111.28 ER
     206    3   0  4.120E+02  2.00E+00  8.70E+07  4.64E-02  7.90E+04  2.25E-14   1120.53 ER
     207    3   0  4.140E+02  2.00E+00  8.71E+07  4.02E-02  7.93E+04  1.71E-14   1128.95 ER
     208    3   0  4.160E+02  2.00E+00  8.73E+07  3.54E-02  7.95E+04  1.49E-14   1137.64 ER
     209    3   0  4.180E+02  2.00E+00  8.71E+07  4.27E-02  7.93E+04  2.08E-14   1146.23 ER
     210    3   0  4.200E+02  2.00E+00  8.70E+07  5.00E-02  7.90E+04  2.68E-14   1154.62 ER
     211    3   0  4.220E+02  2.00E+00  8.68E+07  5.76E-02  7.87E+04  3.54E-14   1163.28 ER
     212    3   0  4.240E+02  2.00E+00  8.66E+07  6.59E-02  7.85E+04  4.66E-14   1171.31 ER
     213    3   0  4.260E+02  2.00E+00  8.65E+07  7.41E-02  7.82E+04  5.83E-14   1178.81 EN
     214    3   0  4.280E+02  2.00E+00  8.63E+07  8.24E-02  7.78E+04  7.26E-14   1185.88 EN
     215    3   0  4.300E+02  2.00E+00  8.61E+07  9.07E-02  7.75E+04  8.97E-14   1192.75 EN
     216    3   0  4.320E+02  2.00E+00  8.58E+07  9.97E-02  7.71E+04  1.08E-13   1199.67 EN
     217    3   0  4.340E+02  2.00E+00  8.56E+07  1.09E-01  7.68E+04  2.10E-13   1206.33 EN
     218    3   0  4.360E+02  2.00E+00  8.54E+07  1.18E-01  7.64E+04  1.89E-13   1213.76 EN
     219    3   0  4.380E+02  2.00E+00  8.51E+07  1.27E-01  7.62E+04  1.71E-13   1220.50 EN
     220    3   0  4.400E+02  2.00E+00  8.49E+07  1.38E-01  7.61E+04  3.12E-13   1227.58 EN
     221    3   0  4.420E+02  2.00E+00  8.46E+07  1.48E-01  7.62E+04  2.38E-13   1234.51 EN
     222    3   0  4.440E+02  2.00E+00  8.43E+07  1.59E-01  7.64E+04  2.74E-13   1241.54 EN
     223    3   0  4.460E+02  2.00E+00  8.41E+07  1.70E-01  7.66E+04  3.15E-13   1248.80 EN
     224    3   0  4.480E+02  2.00E+00  8.38E+07  1.82E-01  7.70E+04  3.68E-13   1255.74 EN
     225    3   0  4.500E+02  2.00E+00  8.35E+07  1.86E-01  7.74E+04  3.89E-13   1264.33 EN
     226    3   0  4.520E+02  2.00E+00  8.32E+07  2.03E-01  7.80E+04  4.74E-13   1272.51 EN
     227    3   0  4.540E+02  2.00E+00  8.28E+07  2.14E-01  7.88E+04  5.38E-13   1280.57 EN
     228    3   0  4.560E+02  2.00E+00  8.25E+07  2.42E-01  7.99E+04  7.03E-13   1287.60 EN
     229    3   0  4.580E+02  2.00E+00  8.22E+07  2.60E-01  8.13E+04  8.36E-13   1294.93 EN
     230    3   0  4.600E+02  2.00E+00  8.18E+07  2.70E-01  8.31E+04  9.43E-13   1302.77 EN
     231    3   0  4.620E+02  2.00E+00  8.15E+07  2.93E-01  8.56E+04  1.15E-12   1310.30 EN
     232    3   0  4.640E+02  2.00E+00  8.11E+07  3.13E-01  8.92E+04  1.40E-12   1318.12 EN
     233    3   0  4.660E+02  2.00E+00  8.07E+07  3.37E-01  9.45E+04  1.84E-12   1325.72 EN
     234    3   0  4.680E+02  2.00E+00  8.03E+07  3.56E-01  1.03E+05  2.37E-12   1333.14 EN
     235    3   0  4.700E+02  2.00E+00  7.99E+07  3.81E-01  1.18E+05  3.56E-12   1340.38 EN
     236    3   0  4.720E+02  2.00E+00  7.95E+07  4.09E-01  1.53E+05  9.68E-12   1347.49 EN
     237    3   0  4.740E+02  2.00E+00  7.91E+07  4.38E-01  3.51E+05  9.00E-12   1355.12 EN
     238    3   0  4.760E+02  2.00E+00  7.86E+07  4.70E-01  2.79E+05  2.18E-11   1362.39 EN
     239    3   0  4.780E+02  2.00E+00  7.82E+07  5.03E-01  5.65E+05  6.98E-12   1370.00 EN
     240    3   0  4.800E+02  2.00E+00  7.77E+07  5.38E-01  1.58E+05  6.21E-12   1377.24 EN
     241    3   0  4.820E+02  2.00E+00  7.72E+07  5.72E-01  1.22E+05  6.55E-12   1384.32 EN
     242    3   0  4.840E+02  2.00E+00  7.67E+07  6.10E-01  1.13E+05  7.92E-12   1391.39 EN
     243    3   0  4.860E+02  2.00E+00  7.62E+07  6.48E-01  1.18E+05  1.18E-11   1398.73 RT
     244    3   0  4.880E+02  2.00E+00  7.57E+07  6.89E-01  1.53E+05  8.76E-10   1406.32 RT
     245    3   0  4.900E+02  2.00E+00  7.52E+07  7.30E-01  9.56E+06  2.85E-11   1414.19 EN
     246    4   0  4.920E+02  2.00E+00  7.47E+07  1.52E-05  2.80E+05  7.55E-19   1422.62 ER
     247    3   0  4.940E+02  2.00E+00  7.41E+07  8.06E-01  4.15E+05  1.99E-11   1430.02 EN
     248    4   0  4.960E+02  2.00E+00  7.36E+07  8.75E-06  1.59E+05  9.08E-20   1438.87 ER
     249    4   0  4.980E+02  2.00E+00  7.30E+07  1.25E-05  1.54E+05  1.53E-19   1447.94 ER
     250    3   0  5.000E+02  2.00E+00  7.25E+07  8.99E-01  3.55E+05  3.35E-11   1455.18 EN
     251    4   0  5.020E+02  2.00E+00  7.19E+07  7.39E-06  2.16E+05  3.90E-19   1464.07 ER
     252    4   0  5.040E+02  2.00E+00  7.13E+07  2.22E-05  1.33E+05  9.83E-20   1472.73 ER
     253    4   0  5.060E+02  2.00E+00  7.07E+07  1.37E-05  1.10E+05  6.47E-20   1481.46 ER
     254    4   0  5.080E+02  2.00E+00  7.02E+07  8.16E-06  1.00E+05  1.06E-19   1490.48 ER
     255    4   0  5.100E+02  2.00E+00  6.96E+07  1.48E-05  9.45E+04  8.85E-21   1498.96 ER
     256    4   0  5.120E+02  2.00E+00  6.90E+07  3.02E-05  9.13E+04  7.97E-20   1507.64 ER
     257    4   0  5.140E+02  2.00E+00  6.85E+07  1.49E-05  8.93E+04  6.10E-20   1517.00 ER
     258    4   0  5.160E+02  2.00E+00  6.79E+07  9.43E-06  8.81E+04  1.14E-19   1526.27 ER
     259    4   0  5.180E+02  2.00E+00  6.74E+07  9.80E-06  8.72E+04  5.68E-20   1535.12 ER
     260    4   0  5.200E+02  2.00E+00  6.69E+07  1.25E-05  8.66E+04  8.57E-20   1544.08 ER
     261    3   0  5.220E+02  2.00E+00  6.64E+07  6.23E-01  8.67E+04  7.98E-12   1551.85 EN
     262    3   0  5.240E+02  2.00E+00  6.59E+07  5.38E-01  8.86E+04  6.46E-12   1559.28 EN
     263    3   0  5.260E+02  2.00E+00  6.55E+07  4.51E-01  9.53E+04  5.79E-12   1565.87 EN
     264    3   0  5.280E+02  2.00E+00  6.50E+07  3.63E-01  1.21E+05  3.74E-11   1572.13 RT
     265    3   0  5.300E+02  2.00E+00  6.47E+07  2.80E-01  1.22E+06  1.91E-12   1578.31 EN
     266    3   0  5.320E+02  2.00E+00  6.44E+07  2.04E-01  1.01E+05  9.44E-13   1584.65 EN
     267    3   0  5.340E+02  2.00E+00  6.41E+07  1.37E-01  9.12E+04  7.59E-13   1590.80 EN
     268    3   0  5.360E+02  2.00E+00  6.38E+07  8.38E-02  1.64E+05  3.11E-13   1597.46 EN
     269    3   0  5.380E+02  2.00E+00  6.36E+07  4.33E-02  1.93E+05  5.57E-14   1603.77 ER
     270    3   0  5.400E+02  2.00E+00  6.35E+07  1.65E-02  1.21E+05  8.64E-15   1609.82 ER
     271    3   0  5.420E+02  2.00E+00  6.34E+07  3.00E-03  1.40E+05  2.60E-16   1615.77 ER
     272    3   0  5.440E+02  2.00E+00  6.34E+07  2.45E-04  2.12E+05  9.78E-19   1621.81 ER
     273    3   0  5.460E+02  2.00E+00  6.34E+07  6.09E-03  7.40E+04  4.90E-16   1627.50 ER
     274    3   0  5.480E+02  2.00E+00  6.35E+07  1.79E-02  5.82E+04  4.01E-15   1634.38 ER
     275    3   0  5.500E+02  2.00E+00  6.36E+07  3.24E-02  5.20E+04  1.25E-14   1641.16 ER
     276    3   0  5.520E+02  2.00E+00  6.38E+07  4.73E-02  4.89E+04  2.66E-14   1649.44 ER
     277    3   0  5.540E+02  2.00E+00  6.40E+07  6.03E-02  4.77E+04  4.18E-14   1656.39 EN
     278    3   0  5.560E+02  2.00E+00  6.43E+07  7.02E-02  4.75E+04  5.68E-14   1662.66 EN
     279    3   0  5.580E+02  2.00E+00  6.46E+07  7.55E-02  4.79E+04  6.61E-14   1668.11 EN
     280    3   0  5.600E+02  2.00E+00  6.50E+07  7.71E-02  4.83E+04  6.78E-14   1673.59 EN
     281    3   0  5.620E+02  2.00E+00  6.54E+07  7.45E-02  4.87E+04  6.34E-14   1678.96 EN
     282    3   0  5.640E+02  2.00E+00  6.58E+07  6.96E-02  4.92E+04  5.51E-14   1684.37 EN
     283    3   0  5.660E+02  2.00E+00  6.62E+07  6.16E-02  4.98E+04  4.32E-14   1689.82 EN
     284    3   0  5.680E+02  2.00E+00  6.67E+07  5.27E-02  5.03E+04  3.18E-14   1695.44 EN
     285    3   0  5.700E+02  2.00E+00  6.72E+07  4.39E-02  5.09E+04  2.19E-14   1701.36 ER
     286    3   0  5.720E+02  2.00E+00  6.77E+07  3.46E-02  5.15E+04  1.35E-14   1706.64 ER
     287    3   0  5.740E+02  2.00E+00  6.82E+07  3.32E-02  5.22E+04  1.23E-14   1712.62 ER
     288    3   0  5.760E+02  2.00E+00  6.87E+07  2.65E-02  5.28E+04  7.95E-15   1718.74 ER
     289    3   0  5.780E+02  2.00E+00  6.92E+07  2.00E-02  5.34E+04  4.44E-15   1724.48 ER
     290    3   0  5.800E+02  2.00E+00  6.98E+07  1.62E-02  5.41E+04  2.89E-15   1730.69 ER
     291    3   0  5.820E+02  2.00E+00  7.03E+07  1.28E-02  5.48E+04  1.80E-15   1736.46 ER
     292    3   0  5.840E+02  2.00E+00  7.08E+07  1.12E-02  5.54E+04  1.39E-15   1742.53 ER
     293    3   0  5.860E+02  2.00E+00  7.13E+07  1.12E-02  5.61E+04  1.35E-15   1748.65 ER
     294    3   0  5.880E+02  2.00E+00  7.19E+07  1.26E-02  5.67E+04  1.90E-15   1754.23 ER
     295    3   0  5.900E+02  2.00E+00  7.24E+07  5.79E-03  5.73E+04  3.78E-16   1759.45 ER
     296    3   0  5.920E+02  2.00E+00  7.29E+07  6.14E-03  5.80E+04  4.85E-16   1764.81 ER
     297    3   0  5.940E+02  2.00E+00  7.34E+07  9.32E-03  5.86E+04  1.00E-15   1770.85 ER
     298    3   0  5.960E+02  2.00E+00  7.39E+07  1.76E-02  5.92E+04  3.44E-15   1776.41 ER
     299    3   0  5.980E+02  2.00E+00  7.43E+07  1.64E-02  5.98E+04  3.00E-15   1783.39 ER
     300    3   0  6.000E+02  2.00E+00  7.48E+07  1.76E-02  6.04E+04  3.34E-15   1790.26 ER
     301    3   0  6.020E+02  2.00E+00  7.53E+07  1.82E-02  6.09E+04  3.53E-15   1796.72 ER
     302    3   0  6.040E+02  2.00E+00  7.57E+07  1.91E-02  6.15E+04  3.89E-15   1803.17 ER
     303    3   0  6.060E+02  2.00E+00  7.61E+07  1.95E-02  6.20E+04  4.01E-15   1809.43 ER
     304    3   0  6.080E+02  2.00E+00  7.66E+07  2.07E-02  6.25E+04  4.56E-15   1815.84 ER
     305    3   0  6.100E+02  2.00E+00  7.70E+07  2.23E-02  6.30E+04  5.25E-15   1822.11 ER
     306    3   0  6.120E+02  2.00E+00  7.74E+07  2.13E-02  6.35E+04  4.85E-15   1828.60 ER
     307    3   0  6.140E+02  2.00E+00  7.77E+07  2.01E-02  6.40E+04  4.33E-15   1834.39 ER
     308    3   0  6.160E+02  2.00E+00  7.81E+07  1.99E-02  6.45E+04  4.21E-15   1839.86 ER
     309    3   0  6.180E+02  2.00E+00  7.85E+07  1.99E-02  6.49E+04  4.20E-15   1845.29 ER
     310    3   0  6.200E+02  2.00E+00  7.88E+07  1.92E-02  6.53E+04  3.91E-15   1850.50 ER
     311    3   0  6.220E+02  2.00E+00  7.91E+07  1.86E-02  6.57E+04  3.64E-15   1855.62 ER
     312    3   0  6.240E+02  2.00E+00  7.95E+07  1.78E-02  6.61E+04  3.35E-15   1860.96 ER
     313    3   0  6.260E+02  2.00E+00  7.98E+07  1.71E-02  6.65E+04  3.07E-15   1866.35 ER
     314    3   0  6.280E+02  2.00E+00  8.01E+07  1.62E-02  6.68E+04  2.73E-15   1872.19 ER
     315    3   0  6.300E+02  2.00E+00  8.03E+07  1.51E-02  6.72E+04  2.40E-15   1877.50 ER
     316    3   0  6.320E+02  2.00E+00  8.06E+07  1.41E-02  6.75E+04  2.07E-15   1883.11 ER
     317    3   0  6.340E+02  2.00E+00  8.09E+07  1.30E-02  6.78E+04  1.75E-15   1888.70 ER
     318    3   0  6.360E+02  2.00E+00  8.11E+07  1.19E-02  6.81E+04  1.48E-15   1894.14 ER
     319    3   0  6.380E+02  2.00E+00  8.14E+07  1.09E-02  6.84E+04  1.23E-15   1900.23 ER
     320    3   0  6.400E+02  2.00E+00  8.16E+07  9.99E-03  6.87E+04  1.03E-15   1907.59 ER
     321    3   0  6.420E+02  2.00E+00  8.18E+07  8.72E-03  6.90E+04  7.87E-16   1914.33 ER
     322    3   0  6.440E+02  2.00E+00  8.20E+07  7.76E-03  6.92E+04  6.21E-16   1920.43 ER
     323    3   0  6.460E+02  2.00E+00  8.22E+07  6.86E-03  6.94E+04  4.86E-16   1926.74 ER
     324    3   0  6.480E+02  2.00E+00  8.24E+07  6.03E-03  6.97E+04  3.74E-16   1933.20 ER
     325    3   0  6.500E+02  2.00E+00  8.26E+07  5.25E-03  6.99E+04  2.84E-16   1938.98 ER
     326    3   0  6.520E+02  2.00E+00  8.28E+07  4.51E-03  7.01E+04  2.09E-16   1944.59 ER
     327    3   0  6.540E+02  2.00E+00  8.29E+07  3.93E-03  7.03E+04  1.59E-16   1950.25 ER
     328    3   0  6.560E+02  2.00E+00  8.31E+07  3.13E-03  7.04E+04  1.01E-16   1955.93 ER
     329    3   0  6.580E+02  2.00E+00  8.33E+07  2.56E-03  7.06E+04  6.73E-17   1961.98 ER
     330    3   0  6.600E+02  2.00E+00  8.34E+07  2.07E-03  7.07E+04  4.41E-17   1968.30 ER
     331    3   0  6.620E+02  2.00E+00  8.35E+07  1.60E-03  7.09E+04  2.62E-17   1974.43 ER
     332    3   0  6.640E+02  2.00E+00  8.37E+07  1.26E-03  7.10E+04  1.62E-17   1980.15 ER
     333    3   0  6.660E+02  2.00E+00  8.38E+07  9.12E-04  7.11E+04  8.49E-18   1985.95 ER
     334    3   0  6.680E+02  2.00E+00  8.39E+07  6.00E-04  7.13E+04  3.71E-18   1991.61 ER
     335    3   0  6.700E+02  2.00E+00  8.40E+07  3.87E-04  7.14E+04  1.53E-18   1997.49 ER
     336    3   0  6.720E+02  2.00E+00  8.41E+07  1.79E-04  7.15E+04  3.37E-19   2003.93 ER
     337    3   0  6.740E+02  2.00E+00  8.42E+07  8.16E-05  7.15E+04  7.26E-20   2011.65 ER
     338    3   0  6.760E+02  2.00E+00  8.43E+07  9.91E-06  7.16E+04  2.60E-21   2018.38 ER
     339    3   0  6.780E+02  2.00E+00  8.43E+07  1.63E-05  7.17E+04  3.43E-21   2025.25 ER
     340    3   0  6.800E+02  2.00E+00  8.44E+07  2.44E-05  7.18E+04  8.09E-21   2031.80 ER
     341    3   0  6.820E+02  2.00E+00  8.45E+07  8.39E-05  7.18E+04  7.39E-20   2038.64 ER
     342    3   0  6.840E+02  2.00E+00  8.45E+07  1.91E-04  7.19E+04  3.62E-19   2045.63 ER
     343    3   0  6.860E+02  2.00E+00  8.46E+07  3.14E-04  7.19E+04  9.86E-19   2054.98 ER
     344    3   0  6.880E+02  2.00E+00  8.47E+07  5.10E-04  7.19E+04  2.63E-18   2064.76 ER
     345    3   0  6.900E+02  2.00E+00  8.47E+07  7.42E-04  7.20E+04  5.52E-18   2072.60 ER
     346    3   0  6.920E+02  2.00E+00  8.47E+07  9.60E-04  7.20E+04  9.23E-18   2080.01 ER
     347    3   0  6.940E+02  2.00E+00  8.48E+07  1.26E-03  7.20E+04  1.59E-17   2087.48 ER
     348    3   0  6.960E+02  2.00E+00  8.48E+07  1.55E-03  7.20E+04  2.42E-17   2095.34 ER
     349    3   0  6.980E+02  2.00E+00  8.48E+07  1.89E-03  7.20E+04  3.59E-17   2103.12 ER
     350    3   0  7.000E+02  2.00E+00  8.49E+07  2.25E-03  7.20E+04  5.04E-17   2110.24 ER
     351    3   0  7.020E+02  2.00E+00  8.49E+07  2.63E-03  7.20E+04  6.91E-17   2117.40 ER
     352    3   0  7.040E+02  2.00E+00  8.49E+07  2.99E-03  7.19E+04  8.95E-17   2124.32 ER
     353    3   0  7.060E+02  2.00E+00  8.49E+07  3.40E-03  7.19E+04  1.15E-16   2131.55 ER
     354    3   0  7.080E+02  2.00E+00  8.49E+07  3.83E-03  7.19E+04  1.46E-16   2138.74 ER
     355    3   0  7.100E+02  2.00E+00  8.49E+07  4.26E-03  7.19E+04  1.81E-16   2146.01 ER
     356    3   0  7.120E+02  2.00E+00  8.49E+07  4.72E-03  7.18E+04  2.22E-16   2160.70 ER
     357    3   0  7.140E+02  2.00E+00  8.49E+07  5.19E-03  7.18E+04  2.68E-16   2171.24 ER
     358    3   0  7.160E+02  2.00E+00  8.49E+07  5.63E-03  7.17E+04  3.15E-16   2180.74 ER
     359    3   0  7.180E+02  2.00E+00  8.49E+07  6.12E-03  7.17E+04  3.72E-16   2189.65 ER
     360    3   0  7.200E+02  2.00E+00  8.49E+07  6.54E-03  7.16E+04  4.25E-16   2198.80 ER
     361    3   0  7.220E+02  2.00E+00  8.48E+07  6.97E-03  7.15E+04  4.83E-16   2207.95 ER
     362    3   0  7.240E+02  2.00E+00  8.48E+07  7.39E-03  7.15E+04  5.42E-16   2216.62 ER
     363    3   0  7.260E+02  2.00E+00  8.48E+07  7.83E-03  7.14E+04  6.08E-16   2225.16 ER
     364    3   0  7.280E+02  2.00E+00  8.48E+07  8.23E-03  7.13E+04  6.72E-16   2234.19 EN
     365    3   0  7.300E+02  2.00E+00  8.47E+07  8.60E-03  7.13E+04  7.33E-16   2243.89 EN
     366    3   0  7.320E+02  2.00E+00  8.47E+07  8.97E-03  7.12E+04  7.98E-16   2254.41 EN
     367    3   0  7.340E+02  2.00E+00  8.46E+07  9.28E-03  7.11E+04  8.54E-16   2270.57 EN
     368    3   0  7.360E+02  2.00E+00  8.46E+07  9.54E-03  7.10E+04  9.01E-16   2279.73 EN
     369    3   0  7.380E+02  2.00E+00  8.46E+07  9.79E-03  7.09E+04  9.50E-16   2302.92 EN
     370    3   0  7.400E+02  2.00E+00  8.45E+07  9.98E-03  7.08E+04  9.87E-16   2315.02 EN
     371    3   0  7.420E+02  2.00E+00  8.45E+07  1.01E-02  7.07E+04  1.01E-15   2323.15 EN
     372    3   0  7.440E+02  2.00E+00  8.44E+07  1.02E-02  7.06E+04  1.03E-15   2331.17 EN
     373    3   0  7.460E+02  2.00E+00  8.44E+07  1.02E-02  7.05E+04  1.03E-15   2338.34 EN
     374    3   0  7.480E+02  2.00E+00  8.43E+07  1.02E-02  7.04E+04  1.03E-15   2344.98 EN
     375    3   0  7.500E+02  2.00E+00  8.43E+07  1.01E-02  7.03E+04  1.01E-15   2351.94 EN
     376    3   0  7.520E+02  2.00E+00  8.42E+07  9.96E-03  7.02E+04  9.80E-16   2358.02 EN
     377    3   0  7.540E+02  2.00E+00  8.41E+07  9.72E-03  7.01E+04  9.35E-16   2364.47 EN
     378    3   0  7.560E+02  2.00E+00  8.41E+07  9.46E-03  7.00E+04  8.85E-16   2370.77 EN
     379    3   0  7.580E+02  2.00E+00  8.40E+07  9.11E-03  6.99E+04  8.22E-16   2376.63 EN
     380    3   0  7.600E+02  2.00E+00  8.40E+07  8.72E-03  6.98E+04  7.52E-16   2383.28 EN
     381    3   0  7.620E+02  2.00E+00  8.39E+07  8.29E-03  6.97E+04  6.79E-16   2389.57 EN
     382    3   0  7.640E+02  2.00E+00  8.38E+07  7.78E-03  6.96E+04  5.98E-16   2396.05 EN
     383    3   0  7.660E+02  2.00E+00  8.38E+07  7.25E-03  6.95E+04  5.20E-16   2401.99 EN
     384    3   0  7.680E+02  2.00E+00  8.37E+07  6.67E-03  6.94E+04  4.41E-16   2407.94 EN
     385    3   0  7.700E+02  2.00E+00  8.36E+07  6.03E-03  6.92E+04  3.60E-16   2414.25 EN
     386    3   0  7.720E+02  2.00E+00  8.35E+07  5.42E-03  6.91E+04  2.90E-16   2420.73 EN
     387    3   0  7.740E+02  2.00E+00  8.35E+07  4.72E-03  6.90E+04  2.21E-16   2427.61 EN
     388    3   0  7.760E+02  2.00E+00  8.34E+07  4.05E-03  6.89E+04  1.63E-16   2434.15 ER
     389    3   0  7.780E+02  2.00E+00  8.33E+07  3.41E-03  6.88E+04  1.15E-16   2441.38 ER
     390    3   0  7.800E+02  2.00E+00  8.33E+07  2.77E-03  6.87E+04  7.61E-17   2448.53 ER
     391    3   0  7.820E+02  2.00E+00  8.32E+07  2.17E-03  6.86E+04  4.68E-17   2455.13 ER
     392    3   0  7.840E+02  2.00E+00  8.31E+07  1.68E-03  6.86E+04  2.80E-17   2462.30 ER
     393    3   0  7.860E+02  2.00E+00  8.30E+07  1.17E-03  6.85E+04  1.35E-17   2470.61 ER
     394    3   0  7.880E+02  2.00E+00  8.30E+07  7.29E-04  6.84E+04  5.27E-18   2478.56 ER
     395    3   0  7.900E+02  2.00E+00  8.29E+07  4.14E-04  6.83E+04  1.72E-18   2487.14 ER
     396    3   0  7.920E+02  2.00E+00  8.28E+07  1.56E-04  6.82E+04  2.47E-19   2495.53 ER
     397    3   0  7.940E+02  2.00E+00  8.27E+07  4.33E-05  6.81E+04  2.00E-20   2503.64 ER
     398    3   0  7.960E+02  2.00E+00  8.27E+07  9.10E-06  6.81E+04  2.96E-21   2513.52 ER
     399    3   0  7.980E+02  2.00E+00  8.26E+07  9.50E-05  6.80E+04  9.43E-20   2522.00 ER
     400    3   0  8.000E+02  2.00E+00  8.25E+07  3.17E-04  6.80E+04  1.02E-18   2530.24 ER
     401    3   0  8.020E+02  2.00E+00  8.24E+07  4.82E-04  6.79E+04  2.34E-18   2538.19 ER
     402    3   0  8.040E+02  2.00E+00  8.24E+07  3.75E-04  6.79E+04  1.43E-18   2546.23 ER
     403    3   0  8.060E+02  2.00E+00  8.23E+07  4.33E-04  6.78E+04  1.96E-18   2553.93 ER
     404    3   0  8.080E+02  2.00E+00  8.22E+07  2.69E-04  6.78E+04  8.26E-19   2562.81 ER
     405    3   0  8.100E+02  2.00E+00  8.22E+07  5.08E-05  6.78E+04  6.32E-20   2569.72 ER
     406    3   0  8.120E+02  2.00E+00  8.21E+07  7.56E-04  6.78E+04  5.78E-18   2575.74 ER
     407    3   0  8.140E+02  2.00E+00  8.20E+07  2.41E-03  6.78E+04  5.82E-17   2597.62 ER
     408    3   0  8.160E+02  2.00E+00  8.20E+07  4.59E-03  6.78E+04  2.11E-16   2610.30 ER
     409    3   0  8.180E+02  2.00E+00  8.19E+07  6.65E-03  6.78E+04  4.47E-16   2616.80 ER
     410    3   0  8.200E+02  2.00E+00  8.18E+07  1.36E-02  6.79E+04  1.87E-15   2623.35 ER
     411    3   0  8.220E+02  2.00E+00  8.18E+07  2.13E-02  6.79E+04  4.63E-15   2628.88 EN
     412    3   0  8.240E+02  2.00E+00  8.17E+07  3.22E-02  6.80E+04  1.05E-14   2634.15 EN
     413    3   0  8.260E+02  2.00E+00  8.17E+07  4.70E-02  6.81E+04  2.25E-14   2639.27 EN
