
  --------------------------------- START OF FEAP LOG ----------------------------------

  INPUT FILE NAME: Isi_p2                                                                                                                          

  MESH INPUT RECORDS
  ------------------
     KIMSetup                       
     mate            1              
     param                          
     block                          
     eboun                          
     cboun                          
     param                          
     edisp                          
     end                            

  --------------------------------- END OF MESH INPUTS ---------------------------------

  CONVERGENCE LABELS
  ----------------
    UN = Unconverged
    LI = Linear Problem: No Test
    ER = Energy & Residual Converged
    EN = Energy Converged
    RN = Residual Converged
    ET = Energy Converged to Zero Tolerance
    RT = Residual Converged to Tolerance

  SOLUTION SUMMARY
  ----------------
    Load  Total     Solution      Time     Residual Norm        Energy Norm     CPU Time Cn
    Step Tang+Form      Time      Incr.  Initial     Final   Initial     Final (Seconds)
  -----------------------------------------------------------------------------------------
       1    3   0  2.000E+00  2.00E+00  6.66E+07  4.32E-02  4.79E+04  2.02E-14      1.56 EN
       2    3   0  4.000E+00  2.00E+00  6.67E+07  4.35E-02  4.80E+04  2.05E-14      2.82 EN
       3    3   0  6.000E+00  2.00E+00  6.68E+07  4.39E-02  4.82E+04  2.08E-14      3.87 EN
       4    3   0  8.000E+00  2.00E+00  6.69E+07  4.42E-02  4.84E+04  2.11E-14      5.08 EN
       5    3   0  1.000E+01  2.00E+00  6.70E+07  4.45E-02  4.85E+04  2.15E-14      6.30 EN
       6    3   0  1.200E+01  2.00E+00  6.71E+07  4.49E-02  4.87E+04  2.18E-14      7.56 EN
       7    3   0  1.400E+01  2.00E+00  6.72E+07  4.52E-02  4.89E+04  2.21E-14      8.84 EN
       8    3   0  1.600E+01  2.00E+00  6.73E+07  4.55E-02  4.91E+04  2.24E-14     10.16 EN
       9    3   0  1.800E+01  2.00E+00  6.74E+07  4.59E-02  4.92E+04  2.28E-14     11.35 EN
      10    3   0  2.000E+01  2.00E+00  6.75E+07  4.62E-02  4.94E+04  2.31E-14     12.63 EN
      11    3   0  2.200E+01  2.00E+00  6.77E+07  4.65E-02  4.96E+04  2.35E-14     13.99 EN
      12    3   0  2.400E+01  2.00E+00  6.78E+07  4.69E-02  4.98E+04  2.38E-14     15.27 EN
      13    3   0  2.600E+01  2.00E+00  6.79E+07  4.72E-02  5.00E+04  2.41E-14     16.48 EN
      14    3   0  2.800E+01  2.00E+00  6.80E+07  4.75E-02  5.01E+04  2.45E-14     17.70 EN
      15    3   0  3.000E+01  2.00E+00  6.81E+07  4.78E-02  5.03E+04  2.48E-14     18.94 EN
      16    3   0  3.200E+01  2.00E+00  6.82E+07  4.82E-02  5.05E+04  2.52E-14     20.23 EN
      17    3   0  3.400E+01  2.00E+00  6.83E+07  4.85E-02  5.07E+04  2.55E-14     21.52 EN
      18    3   0  3.600E+01  2.00E+00  6.85E+07  4.88E-02  5.09E+04  2.59E-14     22.73 EN
      19    3   0  3.800E+01  2.00E+00  6.86E+07  4.91E-02  5.11E+04  2.62E-14     23.99 EN
      20    3   0  4.000E+01  2.00E+00  6.87E+07  4.94E-02  5.12E+04  2.65E-14     25.20 EN
      21    3   0  4.200E+01  2.00E+00  6.88E+07  4.97E-02  5.14E+04  2.69E-14     26.68 EN
      22    3   0  4.400E+01  2.00E+00  6.89E+07  5.01E-02  5.16E+04  2.72E-14     28.02 EN
      23    3   0  4.600E+01  2.00E+00  6.90E+07  5.04E-02  5.18E+04  2.76E-14     29.35 EN
      24    3   0  4.800E+01  2.00E+00  6.91E+07  5.07E-02  5.20E+04  2.79E-14     30.79 EN
      25    3   0  5.000E+01  2.00E+00  6.93E+07  5.10E-02  5.22E+04  2.83E-14     32.31 EN
      26    3   0  5.200E+01  2.00E+00  6.94E+07  5.13E-02  5.24E+04  2.86E-14     33.56 EN
      27    3   0  5.400E+01  2.00E+00  6.95E+07  5.16E-02  5.26E+04  2.90E-14     34.97 EN
      28    3   0  5.600E+01  2.00E+00  6.96E+07  5.19E-02  5.28E+04  2.93E-14     36.10 EN
      29    3   0  5.800E+01  2.00E+00  6.97E+07  5.22E-02  5.30E+04  2.96E-14     37.54 EN
      30    3   0  6.000E+01  2.00E+00  6.98E+07  5.24E-02  5.32E+04  3.00E-14     38.97 EN
      31    3   0  6.200E+01  2.00E+00  7.00E+07  5.27E-02  5.34E+04  3.03E-14     40.14 EN
      32    3   0  6.400E+01  2.00E+00  7.01E+07  5.30E-02  5.36E+04  3.07E-14     41.55 EN
      33    3   0  6.600E+01  2.00E+00  7.02E+07  5.33E-02  5.37E+04  3.10E-14     42.84 EN
      34    3   0  6.800E+01  2.00E+00  7.03E+07  5.36E-02  5.39E+04  3.13E-14     44.09 EN
      35    3   0  7.000E+01  2.00E+00  7.04E+07  5.39E-02  5.41E+04  3.17E-14     45.30 EN
      36    3   0  7.200E+01  2.00E+00  7.06E+07  5.42E-02  5.43E+04  3.20E-14     46.50 EN
      37    3   0  7.400E+01  2.00E+00  7.07E+07  5.44E-02  5.45E+04  3.24E-14     47.85 EN
      38    3   0  7.600E+01  2.00E+00  7.08E+07  5.47E-02  5.47E+04  3.27E-14     49.25 EN
      39    3   0  7.800E+01  2.00E+00  7.09E+07  5.50E-02  5.50E+04  3.30E-14     50.56 EN
      40    3   0  8.000E+01  2.00E+00  7.10E+07  5.52E-02  5.52E+04  3.33E-14     51.95 EN
      41    3   0  8.200E+01  2.00E+00  7.11E+07  5.55E-02  5.54E+04  3.37E-14     53.40 EN
      42    3   0  8.400E+01  2.00E+00  7.13E+07  5.57E-02  5.56E+04  3.40E-14     54.78 EN
      43    3   0  8.600E+01  2.00E+00  7.14E+07  5.60E-02  5.58E+04  3.43E-14     56.01 EN
      44    3   0  8.800E+01  2.00E+00  7.15E+07  5.62E-02  5.60E+04  3.46E-14     57.31 EN
      45    3   0  9.000E+01  2.00E+00  7.16E+07  5.65E-02  5.62E+04  3.50E-14     58.57 EN
      46    3   0  9.200E+01  2.00E+00  7.17E+07  5.68E-02  5.64E+04  3.53E-14     60.04 EN
      47    3   0  9.400E+01  2.00E+00  7.19E+07  5.70E-02  5.66E+04  3.56E-14     61.39 EN
      48    3   0  9.600E+01  2.00E+00  7.20E+07  5.72E-02  5.68E+04  3.59E-14     62.83 EN
      49    3   0  9.800E+01  2.00E+00  7.21E+07  5.74E-02  5.70E+04  3.62E-14     64.28 EN
      50    3   0  1.000E+02  2.00E+00  7.22E+07  5.77E-02  5.72E+04  3.65E-14     65.72 EN
      51    3   0  1.020E+02  2.00E+00  7.23E+07  5.79E-02  5.74E+04  3.68E-14     67.16 EN
      52    3   0  1.040E+02  2.00E+00  7.25E+07  5.81E-02  5.77E+04  3.71E-14     68.58 EN
      53    3   0  1.060E+02  2.00E+00  7.26E+07  5.83E-02  5.79E+04  3.74E-14     70.11 EN
      54    3   0  1.080E+02  2.00E+00  7.27E+07  5.86E-02  5.81E+04  3.77E-14     71.33 EN
      55    3   0  1.100E+02  2.00E+00  7.28E+07  5.88E-02  5.83E+04  3.79E-14     72.94 EN
      56    3   0  1.120E+02  2.00E+00  7.30E+07  5.90E-02  5.85E+04  3.82E-14     74.19 EN
      57    3   0  1.140E+02  2.00E+00  7.31E+07  5.92E-02  5.87E+04  3.85E-14     75.61 EN
      58    3   0  1.160E+02  2.00E+00  7.32E+07  5.94E-02  5.89E+04  3.88E-14     77.15 EN
      59    3   0  1.180E+02  2.00E+00  7.33E+07  5.96E-02  5.92E+04  3.90E-14     78.70 EN
      60    3   0  1.200E+02  2.00E+00  7.34E+07  5.98E-02  5.94E+04  3.93E-14     79.94 EN
      61    3   0  1.220E+02  2.00E+00  7.36E+07  5.99E-02  5.96E+04  3.96E-14     85.91 EN
      62    3   0  1.240E+02  2.00E+00  7.37E+07  6.01E-02  5.98E+04  3.98E-14     94.77 EN
      63    3   0  1.260E+02  2.00E+00  7.38E+07  6.03E-02  6.00E+04  4.01E-14    103.32 EN
      64    3   0  1.280E+02  2.00E+00  7.39E+07  6.05E-02  6.03E+04  4.03E-14    112.34 EN
      65    3   0  1.300E+02  2.00E+00  7.41E+07  6.06E-02  6.05E+04  4.05E-14    121.15 EN
      66    3   0  1.320E+02  2.00E+00  7.42E+07  6.08E-02  6.07E+04  4.07E-14    130.34 EN
      67    3   0  1.340E+02  2.00E+00  7.43E+07  6.10E-02  6.09E+04  4.10E-14    196.35 EN
      68    3   0  1.360E+02  2.00E+00  7.44E+07  6.11E-02  6.12E+04  4.12E-14    238.55 EN
      69    3   0  1.380E+02  2.00E+00  7.45E+07  6.12E-02  6.14E+04  4.14E-14    246.17 EN
      70    3   0  1.400E+02  2.00E+00  7.47E+07  6.14E-02  6.16E+04  4.16E-14    255.29 EN
      71    3   0  1.420E+02  2.00E+00  7.48E+07  6.15E-02  6.18E+04  4.18E-14    263.60 EN
      72    3   0  1.440E+02  2.00E+00  7.49E+07  6.16E-02  6.21E+04  4.20E-14    273.14 EN
      73    3   0  1.460E+02  2.00E+00  7.50E+07  6.18E-02  6.23E+04  4.22E-14    281.95 EN
      74    3   0  1.480E+02  2.00E+00  7.52E+07  6.19E-02  6.25E+04  4.24E-14    289.66 EN
      75    3   0  1.500E+02  2.00E+00  7.53E+07  6.20E-02  6.27E+04  4.26E-14    298.22 EN
      76    3   0  1.520E+02  2.00E+00  7.54E+07  6.21E-02  6.30E+04  4.27E-14    306.73 EN
      77    3   0  1.540E+02  2.00E+00  7.55E+07  6.22E-02  6.32E+04  4.29E-14    315.04 EN
      78    3   0  1.560E+02  2.00E+00  7.57E+07  6.23E-02  6.34E+04  4.31E-14    324.62 EN
      79    3   0  1.580E+02  2.00E+00  7.58E+07  6.24E-02  6.37E+04  4.32E-14    332.41 EN
      80    3   0  1.600E+02  2.00E+00  7.59E+07  6.25E-02  6.39E+04  4.34E-14    341.27 EN
      81    3   0  1.620E+02  2.00E+00  7.60E+07  6.26E-02  6.41E+04  4.35E-14    349.29 EN
      82    3   0  1.640E+02  2.00E+00  7.61E+07  6.27E-02  6.44E+04  4.36E-14    358.01 EN
      83    3   0  1.660E+02  2.00E+00  7.63E+07  6.28E-02  6.46E+04  4.37E-14    367.35 EN
      84    3   0  1.680E+02  2.00E+00  7.64E+07  6.28E-02  6.48E+04  4.39E-14    375.94 EN
      85    3   0  1.700E+02  2.00E+00  7.65E+07  6.29E-02  6.51E+04  4.39E-14    383.92 EN
      86    3   0  1.720E+02  2.00E+00  7.66E+07  6.30E-02  6.53E+04  4.41E-14    392.84 EN
      87    3   0  1.740E+02  2.00E+00  7.68E+07  6.30E-02  6.55E+04  4.41E-14    400.44 EN
      88    3   0  1.760E+02  2.00E+00  7.69E+07  6.31E-02  6.58E+04  4.42E-14    408.89 EN
      89    3   0  1.780E+02  2.00E+00  7.70E+07  6.31E-02  6.60E+04  4.43E-14    416.79 EN
      90    3   0  1.800E+02  2.00E+00  7.71E+07  6.31E-02  6.62E+04  4.44E-14    425.11 EN
      91    3   0  1.820E+02  2.00E+00  7.73E+07  6.32E-02  6.65E+04  4.44E-14    433.58 EN
      92    3   0  1.840E+02  2.00E+00  7.74E+07  6.32E-02  6.67E+04  4.45E-14    441.70 EN
      93    3   0  1.860E+02  2.00E+00  7.75E+07  6.32E-02  6.69E+04  4.45E-14    450.65 EN
      94    3   0  1.880E+02  2.00E+00  7.76E+07  6.32E-02  6.72E+04  4.45E-14    458.77 EN
      95    3   0  1.900E+02  2.00E+00  7.77E+07  6.32E-02  6.74E+04  4.46E-14    468.38 EN
      96    3   0  1.920E+02  2.00E+00  7.79E+07  6.32E-02  6.77E+04  4.46E-14    477.62 EN
      97    3   0  1.940E+02  2.00E+00  7.80E+07  6.32E-02  6.79E+04  4.46E-14    486.35 ER
      98    3   0  1.960E+02  2.00E+00  7.81E+07  6.32E-02  6.81E+04  4.46E-14    494.63 ER
      99    3   0  1.980E+02  2.00E+00  7.82E+07  6.32E-02  6.84E+04  4.46E-14    502.22 ER
     100    3   0  2.000E+02  2.00E+00  7.84E+07  6.31E-02  6.86E+04  4.45E-14    510.04 ER
     101    3   0  2.020E+02  2.00E+00  7.85E+07  6.31E-02  6.89E+04  4.45E-14    519.14 ER
     102    3   0  2.040E+02  2.00E+00  7.86E+07  6.31E-02  6.91E+04  4.45E-14    527.11 ER
     103    3   0  2.060E+02  2.00E+00  7.87E+07  6.30E-02  6.93E+04  4.45E-14    535.68 ER
     104    3   0  2.080E+02  2.00E+00  7.88E+07  6.30E-02  6.96E+04  4.44E-14    544.07 ER
     105    3   0  2.100E+02  2.00E+00  7.90E+07  6.29E-02  6.98E+04  4.44E-14    552.26 ER
     106    3   0  2.120E+02  2.00E+00  7.91E+07  6.29E-02  7.01E+04  4.43E-14    559.74 ER
     107    3   0  2.140E+02  2.00E+00  7.92E+07  6.28E-02  7.03E+04  4.42E-14    567.62 ER
     108    3   0  2.160E+02  2.00E+00  7.93E+07  6.28E-02  7.06E+04  4.41E-14    576.16 ER
     109    3   0  2.180E+02  2.00E+00  7.95E+07  6.27E-02  7.08E+04  4.40E-14    584.58 ER
     110    3   0  2.200E+02  2.00E+00  7.96E+07  6.26E-02  7.10E+04  4.39E-14    592.86 ER
     111    3   0  2.220E+02  2.00E+00  7.97E+07  6.25E-02  7.13E+04  4.38E-14    601.87 ER
     112    3   0  2.240E+02  2.00E+00  7.98E+07  6.24E-02  7.15E+04  4.37E-14    610.06 ER
     113    3   0  2.260E+02  2.00E+00  7.99E+07  6.23E-02  7.18E+04  4.36E-14    618.47 ER
     114    3   0  2.280E+02  2.00E+00  8.01E+07  6.22E-02  7.20E+04  4.34E-14    626.80 ER
     115    3   0  2.300E+02  2.00E+00  8.02E+07  6.21E-02  7.23E+04  4.33E-14    635.95 ER
     116    3   0  2.320E+02  2.00E+00  8.03E+07  6.19E-02  7.25E+04  4.31E-14    645.08 ER
     117    3   0  2.340E+02  2.00E+00  8.04E+07  6.18E-02  7.28E+04  4.29E-14    654.18 ER
     118    3   0  2.360E+02  2.00E+00  8.05E+07  6.17E-02  7.30E+04  4.28E-14    663.30 ER
     119    3   0  2.380E+02  2.00E+00  8.07E+07  6.15E-02  7.32E+04  4.26E-14    671.26 ER
     120    3   0  2.400E+02  2.00E+00  8.08E+07  6.14E-02  7.35E+04  4.24E-14    680.55 ER
     121    3   0  2.420E+02  2.00E+00  8.09E+07  6.12E-02  7.37E+04  4.22E-14    689.48 ER
     122    3   0  2.440E+02  2.00E+00  8.10E+07  6.11E-02  7.40E+04  4.20E-14    699.23 ER
