
  --------------------------------- START OF FEAP LOG ----------------------------------

  INPUT FILE NAME: Isi                                                                                                                             

  MESH INPUT RECORDS
  ------------------
     KIMSetup                       
     mate            1              
     param                          
     block                          
     eboun                          
     cboun                          
     param                          
     edisp                          
     end                            

  --------------------------------- END OF MESH INPUTS ---------------------------------

  CONVERGENCE LABELS
  ----------------
    UN = Unconverged
    LI = Linear Problem: No Test
    ER = Energy & Residual Converged
    EN = Energy Converged
    RN = Residual Converged
    ET = Energy Converged to Zero Tolerance
    RT = Residual Converged to Tolerance

  SOLUTION SUMMARY
  ----------------
    Load  Total     Solution      Time     Residual Norm        Energy Norm     CPU Time Cn
    Step Tang+Form      Time      Incr.  Initial     Final   Initial     Final (Seconds)
  -----------------------------------------------------------------------------------------
       1    3   0  2.000E+00  2.00E+00  9.98E+07  2.19E-01  1.08E+05  5.18E-13      0.90 EN
       2    3   0  4.000E+00  2.00E+00  1.00E+08  2.21E-01  1.08E+05  5.30E-13      1.53 EN
       3    3   0  6.000E+00  2.00E+00  1.00E+08  2.24E-01  1.09E+05  5.43E-13      2.11 EN
       4    3   0  8.000E+00  2.00E+00  1.01E+08  2.27E-01  1.09E+05  5.55E-13      2.74 EN
       5    3   0  1.000E+01  2.00E+00  1.01E+08  2.29E-01  1.10E+05  5.68E-13      3.32 EN
       6    3   0  1.200E+01  2.00E+00  1.01E+08  2.32E-01  1.11E+05  5.81E-13      3.95 EN
       7    3   0  1.400E+01  2.00E+00  1.01E+08  2.34E-01  1.11E+05  5.94E-13      4.58 EN
       8    3   0  1.600E+01  2.00E+00  1.02E+08  2.37E-01  1.12E+05  6.07E-13      5.22 EN
       9    3   0  1.800E+01  2.00E+00  1.02E+08  2.39E-01  1.12E+05  6.20E-13      5.89 EN
      10    3   0  2.000E+01  2.00E+00  1.02E+08  2.42E-01  1.13E+05  6.33E-13      6.52 EN
      11    3   0  2.200E+01  2.00E+00  1.02E+08  2.44E-01  1.14E+05  6.46E-13      7.27 EN
      12    3   0  2.400E+01  2.00E+00  1.03E+08  2.46E-01  1.14E+05  6.59E-13      7.94 EN
      13    3   0  2.600E+01  2.00E+00  1.03E+08  2.49E-01  1.15E+05  6.73E-13      8.66 EN
      14    3   0  2.800E+01  2.00E+00  1.03E+08  2.51E-01  1.16E+05  6.86E-13      9.41 EN
      15    3   0  3.000E+01  2.00E+00  1.03E+08  2.54E-01  1.16E+05  6.99E-13     10.08 EN
      16    3   0  3.200E+01  2.00E+00  1.04E+08  2.56E-01  1.17E+05  7.12E-13     10.76 EN
      17    3   0  3.400E+01  2.00E+00  1.04E+08  2.58E-01  1.17E+05  7.26E-13     11.47 EN
      18    3   0  3.600E+01  2.00E+00  1.04E+08  2.61E-01  1.18E+05  7.39E-13     12.20 EN
      19    3   0  3.800E+01  2.00E+00  1.04E+08  2.63E-01  1.19E+05  7.52E-13     12.93 EN
      20    3   0  4.000E+01  2.00E+00  1.05E+08  2.65E-01  1.19E+05  7.65E-13     13.67 EN
      21    3   0  4.200E+01  2.00E+00  1.05E+08  2.67E-01  1.20E+05  7.78E-13     14.39 EN
      22    3   0  4.400E+01  2.00E+00  1.05E+08  2.69E-01  1.21E+05  7.92E-13     15.19 EN
      23    3   0  4.600E+01  2.00E+00  1.05E+08  2.72E-01  1.21E+05  8.05E-13     16.08 EN
      24    3   0  4.800E+01  2.00E+00  1.06E+08  2.74E-01  1.22E+05  8.18E-13     16.91 EN
      25    3   0  5.000E+01  2.00E+00  1.06E+08  2.76E-01  1.23E+05  8.31E-13     17.59 EN
      26    3   0  5.200E+01  2.00E+00  1.06E+08  2.78E-01  1.23E+05  8.43E-13     18.37 EN
      27    3   0  5.400E+01  2.00E+00  1.07E+08  2.80E-01  1.24E+05  8.56E-13     19.18 EN
      28    3   0  5.600E+01  2.00E+00  1.07E+08  2.82E-01  1.25E+05  8.68E-13     19.97 EN
      29    3   0  5.800E+01  2.00E+00  1.07E+08  2.84E-01  1.25E+05  8.81E-13     20.81 EN
      30    3   0  6.000E+01  2.00E+00  1.07E+08  2.86E-01  1.26E+05  8.93E-13     21.55 EN
      31    3   0  6.200E+01  2.00E+00  1.08E+08  2.87E-01  1.27E+05  9.05E-13     22.28 EN
      32    3   0  6.400E+01  2.00E+00  1.08E+08  2.89E-01  1.28E+05  9.17E-13     22.97 EN
      33    3   0  6.600E+01  2.00E+00  1.08E+08  2.91E-01  1.28E+05  9.29E-13     23.77 EN
      34    3   0  6.800E+01  2.00E+00  1.08E+08  2.93E-01  1.29E+05  9.40E-13     24.47 EN
      35    3   0  7.000E+01  2.00E+00  1.09E+08  2.94E-01  1.30E+05  9.52E-13     25.22 EN
      36    3   0  7.200E+01  2.00E+00  1.09E+08  2.96E-01  1.30E+05  9.63E-13     26.01 EN
      37    3   0  7.400E+01  2.00E+00  1.09E+08  2.98E-01  1.31E+05  9.73E-13     26.80 EN
      38    3   0  7.600E+01  2.00E+00  1.10E+08  2.99E-01  1.32E+05  9.84E-13     27.53 EN
      39    3   0  7.800E+01  2.00E+00  1.10E+08  3.01E-01  1.33E+05  9.95E-13     28.33 EN
      40    3   0  8.000E+01  2.00E+00  1.10E+08  3.02E-01  1.33E+05  1.00E-12     29.12 EN
      41    3   0  8.200E+01  2.00E+00  1.10E+08  3.03E-01  1.34E+05  1.01E-12     32.44 EN
      42    3   0  8.400E+01  2.00E+00  1.11E+08  3.05E-01  1.35E+05  1.02E-12     37.14 EN
      43    3   0  8.600E+01  2.00E+00  1.11E+08  3.06E-01  1.36E+05  1.03E-12     41.74 EN
      44    3   0  8.800E+01  2.00E+00  1.11E+08  3.07E-01  1.36E+05  1.04E-12     46.11 EN
      45    3   0  9.000E+01  2.00E+00  1.11E+08  3.09E-01  1.37E+05  1.05E-12     54.34 EN
      46    3   0  9.200E+01  2.00E+00  1.12E+08  3.10E-01  1.38E+05  1.06E-12     60.64 EN
      47    3   0  9.400E+01  2.00E+00  1.12E+08  3.11E-01  1.39E+05  1.07E-12     65.15 EN
      48    3   0  9.600E+01  2.00E+00  1.12E+08  3.12E-01  1.39E+05  1.07E-12     69.16 EN
      49    3   0  9.800E+01  2.00E+00  1.13E+08  3.13E-01  1.40E+05  1.08E-12     73.50 EN
      50    3   0  1.000E+02  2.00E+00  1.13E+08  3.14E-01  1.41E+05  1.09E-12     77.85 EN
      51    3   0  1.020E+02  2.00E+00  1.13E+08  3.15E-01  1.42E+05  1.10E-12     81.61 EN
      52    3   0  1.040E+02  2.00E+00  1.13E+08  3.15E-01  1.42E+05  1.10E-12     85.56 EN
      53    3   0  1.060E+02  2.00E+00  1.14E+08  3.16E-01  1.43E+05  1.11E-12     89.55 EN
      54    3   0  1.080E+02  2.00E+00  1.14E+08  3.17E-01  1.44E+05  1.11E-12     93.46 EN
      55    3   0  1.100E+02  2.00E+00  1.14E+08  3.17E-01  1.45E+05  1.12E-12     97.87 EN
      56    3   0  1.120E+02  2.00E+00  1.14E+08  3.18E-01  1.46E+05  1.12E-12    101.48 EN
      57    3   0  1.140E+02  2.00E+00  1.15E+08  3.18E-01  1.46E+05  1.13E-12    105.74 EN
      58    3   0  1.160E+02  2.00E+00  1.15E+08  3.19E-01  1.47E+05  1.13E-12    109.94 EN
      59    3   0  1.180E+02  2.00E+00  1.15E+08  3.19E-01  1.48E+05  1.13E-12    114.17 EN
      60    3   0  1.200E+02  2.00E+00  1.16E+08  3.19E-01  1.49E+05  1.14E-12    118.68 EN
      61    3   0  1.220E+02  2.00E+00  1.16E+08  3.20E-01  1.50E+05  1.14E-12    123.21 EN
      62    3   0  1.240E+02  2.00E+00  1.16E+08  3.20E-01  1.50E+05  1.14E-12    128.41 EN
      63    3   0  1.260E+02  2.00E+00  1.16E+08  3.20E-01  1.51E+05  1.14E-12    133.60 EN
      64    3   0  1.280E+02  2.00E+00  1.17E+08  3.20E-01  1.52E+05  1.14E-12    137.67 EN
      65    3   0  1.300E+02  2.00E+00  1.17E+08  3.20E-01  1.53E+05  1.14E-12    142.15 EN
      66    3   0  1.320E+02  2.00E+00  1.17E+08  3.20E-01  1.54E+05  1.14E-12    146.44 EN
      67    3   0  1.340E+02  2.00E+00  1.18E+08  3.20E-01  1.54E+05  1.14E-12    150.74 EN
      68    3   0  1.360E+02  2.00E+00  1.18E+08  3.19E-01  1.55E+05  1.14E-12    154.99 EN
      69    3   0  1.380E+02  2.00E+00  1.18E+08  3.19E-01  1.56E+05  1.14E-12    159.84 EN
      70    3   0  1.400E+02  2.00E+00  1.18E+08  3.19E-01  1.57E+05  1.14E-12    164.65 EN
      71    3   0  1.420E+02  2.00E+00  1.19E+08  3.18E-01  1.58E+05  1.13E-12    168.61 EN
      72    3   0  1.440E+02  2.00E+00  1.19E+08  3.18E-01  1.58E+05  1.13E-12    172.70 EN
      73    3   0  1.460E+02  2.00E+00  1.19E+08  3.17E-01  1.59E+05  1.13E-12    177.43 EN
      74    3   0  1.480E+02  2.00E+00  1.19E+08  3.16E-01  1.60E+05  1.12E-12    181.79 EN
      75    3   0  1.500E+02  2.00E+00  1.20E+08  3.16E-01  1.61E+05  1.12E-12    186.63 EN
      76    3   0  1.520E+02  2.00E+00  1.20E+08  3.15E-01  1.62E+05  1.11E-12    191.16 EN
      77    3   0  1.540E+02  2.00E+00  1.20E+08  3.14E-01  1.63E+05  1.11E-12    195.86 EN
      78    3   0  1.560E+02  2.00E+00  1.21E+08  3.13E-01  1.63E+05  1.10E-12    200.01 EN
      79    3   0  1.580E+02  2.00E+00  1.21E+08  3.12E-01  1.64E+05  1.10E-12    204.88 EN
      80    3   0  1.600E+02  2.00E+00  1.21E+08  3.11E-01  1.65E+05  1.09E-12    209.02 EN
      81    3   0  1.620E+02  2.00E+00  1.21E+08  3.10E-01  1.66E+05  1.08E-12    213.34 EN
      82    3   0  1.640E+02  2.00E+00  1.22E+08  3.08E-01  1.67E+05  1.07E-12    217.70 EN
      83    3   0  1.660E+02  2.00E+00  1.22E+08  3.07E-01  1.68E+05  1.06E-12    221.71 EN
      84    3   0  1.680E+02  2.00E+00  1.22E+08  3.06E-01  1.68E+05  1.06E-12    225.94 EN
      85    3   0  1.700E+02  2.00E+00  1.22E+08  3.04E-01  1.69E+05  1.05E-12    229.74 EN
      86    3   0  1.720E+02  2.00E+00  1.23E+08  3.03E-01  1.70E+05  1.04E-12    233.98 EN
      87    3   0  1.740E+02  2.00E+00  1.23E+08  3.01E-01  1.71E+05  1.03E-12    238.22 EN
      88    3   0  1.760E+02  2.00E+00  1.23E+08  3.00E-01  1.72E+05  1.02E-12    242.42 EN
      89    3   0  1.780E+02  2.00E+00  1.23E+08  2.98E-01  1.73E+05  1.01E-12    246.83 EN
      90    3   0  1.800E+02  2.00E+00  1.24E+08  2.96E-01  1.73E+05  9.94E-13    250.97 EN
      91    3   0  1.820E+02  2.00E+00  1.24E+08  2.94E-01  1.74E+05  9.82E-13    255.63 EN
      92    3   0  1.840E+02  2.00E+00  1.24E+08  2.92E-01  1.75E+05  9.70E-13    260.14 EN
      93    3   0  1.860E+02  2.00E+00  1.24E+08  2.90E-01  1.76E+05  9.57E-13    263.62 EN
      94    3   0  1.880E+02  2.00E+00  1.25E+08  2.88E-01  1.77E+05  9.45E-13    267.75 EN
      95    3   0  1.900E+02  2.00E+00  1.25E+08  2.86E-01  1.78E+05  9.31E-13    271.19 EN
      96    3   0  1.920E+02  2.00E+00  1.25E+08  2.84E-01  1.78E+05  9.18E-13    275.50 EN
      97    3   0  1.940E+02  2.00E+00  1.26E+08  2.82E-01  1.79E+05  9.04E-13    279.99 EN
      98    3   0  1.960E+02  2.00E+00  1.26E+08  2.80E-01  1.80E+05  8.90E-13    284.81 EN
      99    3   0  1.980E+02  2.00E+00  1.26E+08  2.77E-01  1.81E+05  8.75E-13    289.40 EN
     100    3   0  2.000E+02  2.00E+00  1.26E+08  2.75E-01  1.82E+05  8.60E-13    294.68 EN
     101    3   0  2.020E+02  2.00E+00  1.27E+08  2.72E-01  1.82E+05  8.45E-13    299.43 EN
     102    3   0  2.040E+02  2.00E+00  1.27E+08  2.70E-01  1.83E+05  8.30E-13    304.07 EN
     103    3   0  2.060E+02  2.00E+00  1.27E+08  2.67E-01  1.84E+05  8.14E-13    308.10 EN
     104    3   0  2.080E+02  2.00E+00  1.27E+08  2.64E-01  1.85E+05  7.98E-13    312.42 EN
     105    3   0  2.100E+02  2.00E+00  1.28E+08  2.62E-01  1.86E+05  7.81E-13    316.79 EN
     106    3   0  2.120E+02  2.00E+00  1.28E+08  2.59E-01  1.87E+05  7.65E-13    321.52 EN
     107    3   0  2.140E+02  2.00E+00  1.28E+08  2.56E-01  1.87E+05  7.48E-13    325.83 EN
     108    3   0  2.160E+02  2.00E+00  1.28E+08  2.53E-01  1.88E+05  7.31E-13    330.47 EN
     109    3   0  2.180E+02  2.00E+00  1.28E+08  2.50E-01  1.89E+05  7.13E-13    334.87 EN
     110    3   0  2.200E+02  2.00E+00  1.29E+08  2.46E-01  1.90E+05  6.96E-13    339.56 EN
     111    3   0  2.220E+02  2.00E+00  1.29E+08  2.43E-01  1.91E+05  6.78E-13    343.05 EN
     112    3   0  2.240E+02  2.00E+00  1.29E+08  2.40E-01  1.91E+05  6.60E-13    347.37 EN
     113    3   0  2.260E+02  2.00E+00  1.29E+08  2.36E-01  1.92E+05  6.42E-13    351.81 EN
     114    3   0  2.280E+02  2.00E+00  1.30E+08  2.33E-01  1.93E+05  6.23E-13    355.58 EN
     115    3   0  2.300E+02  2.00E+00  1.30E+08  2.29E-01  1.94E+05  6.05E-13    359.72 EN
     116    3   0  2.320E+02  2.00E+00  1.30E+08  2.26E-01  1.94E+05  5.86E-13    364.07 EN
     117    3   0  2.340E+02  2.00E+00  1.30E+08  2.22E-01  1.95E+05  5.67E-13    368.78 EN
     118    3   0  2.360E+02  2.00E+00  1.31E+08  2.18E-01  1.96E+05  5.48E-13    373.10 EN
     119    3   0  2.380E+02  2.00E+00  1.31E+08  2.14E-01  1.97E+05  5.29E-13    377.75 EN
     120    3   0  2.400E+02  2.00E+00  1.31E+08  2.10E-01  1.97E+05  5.09E-13    382.27 EN
     121    3   0  2.420E+02  2.00E+00  1.31E+08  2.06E-01  1.98E+05  4.90E-13    386.94 EN
     122    3   0  2.440E+02  2.00E+00  1.31E+08  2.02E-01  1.99E+05  4.71E-13    390.67 EN
     123    3   0  2.460E+02  2.00E+00  1.32E+08  1.98E-01  2.00E+05  4.52E-13    395.06 EN
     124    3   0  2.480E+02  2.00E+00  1.32E+08  1.94E-01  2.00E+05  4.32E-13    399.41 EN
     125    3   0  2.500E+02  2.00E+00  1.32E+08  1.89E-01  2.01E+05  4.13E-13    404.05 EN
     126    3   0  2.520E+02  2.00E+00  1.32E+08  1.85E-01  2.02E+05  3.94E-13    408.53 EN
     127    3   0  2.540E+02  2.00E+00  1.32E+08  1.80E-01  2.03E+05  3.76E-13    412.43 EN
     128    3   0  2.560E+02  2.00E+00  1.33E+08  1.76E-01  2.03E+05  3.57E-13    416.80 EN
     129    3   0  2.580E+02  2.00E+00  1.33E+08  1.71E-01  2.04E+05  3.39E-13    421.90 EN
     130    3   0  2.600E+02  2.00E+00  1.33E+08  1.66E-01  2.05E+05  3.21E-13    426.25 EN
     131    3   0  2.620E+02  2.00E+00  1.33E+08  1.62E-01  2.05E+05  3.03E-13    430.55 EN
     132    3   0  2.640E+02  2.00E+00  1.33E+08  1.57E-01  2.06E+05  2.86E-13    434.71 EN
     133    3   0  2.660E+02  2.00E+00  1.34E+08  1.52E-01  2.07E+05  2.69E-13    438.55 EN
     134    3   0  2.680E+02  2.00E+00  1.34E+08  1.48E-01  2.07E+05  2.53E-13    442.31 EN
     135    3   0  2.700E+02  2.00E+00  1.34E+08  1.43E-01  2.08E+05  2.37E-13    446.79 EN
     136    3   0  2.720E+02  2.00E+00  1.34E+08  1.38E-01  2.09E+05  2.21E-13    450.78 EN
     137    3   0  2.740E+02  2.00E+00  1.34E+08  1.33E-01  2.09E+05  2.06E-13    454.94 EN
     138    3   0  2.760E+02  2.00E+00  1.34E+08  1.28E-01  2.10E+05  1.92E-13    459.12 EN
     139    3   0  2.780E+02  2.00E+00  1.35E+08  1.24E-01  2.11E+05  1.78E-13    463.50 EN
     140    3   0  2.800E+02  2.00E+00  1.35E+08  1.19E-01  2.11E+05  1.64E-13    467.99 EN
     141    3   0  2.820E+02  2.00E+00  1.35E+08  1.14E-01  2.12E+05  1.52E-13    472.66 ER
     142    3   0  2.840E+02  2.00E+00  1.35E+08  1.09E-01  2.12E+05  1.40E-13    476.73 ER
     143    3   0  2.860E+02  2.00E+00  1.35E+08  1.05E-01  2.13E+05  1.28E-13    480.96 ER
     144    3   0  2.880E+02  2.00E+00  1.35E+08  1.00E-01  2.13E+05  1.17E-13    485.32 ER
     145    3   0  2.900E+02  2.00E+00  1.35E+08  9.57E-02  2.14E+05  1.07E-13    489.85 ER
     146    3   0  2.920E+02  2.00E+00  1.36E+08  9.13E-02  2.15E+05  9.72E-14    494.26 ER
     147    3   0  2.940E+02  2.00E+00  1.36E+08  8.69E-02  2.15E+05  8.82E-14    498.15 ER
     148    3   0  2.960E+02  2.00E+00  1.36E+08  8.26E-02  2.16E+05  7.98E-14    501.57 ER
     149    3   0  2.980E+02  2.00E+00  1.36E+08  7.84E-02  2.16E+05  7.19E-14    505.90 ER
     150    3   0  3.000E+02  2.00E+00  1.36E+08  7.42E-02  2.17E+05  6.45E-14    509.75 ER
     151    3   0  3.020E+02  2.00E+00  1.36E+08  7.02E-02  2.17E+05  5.78E-14    514.23 ER
     152    3   0  3.040E+02  2.00E+00  1.36E+08  6.63E-02  2.17E+05  5.15E-14    518.25 ER
     153    3   0  3.060E+02  2.00E+00  1.36E+08  6.25E-02  2.18E+05  4.58E-14    522.07 ER
     154    3   0  3.080E+02  2.00E+00  1.36E+08  5.88E-02  2.18E+05  4.05E-14    526.19 ER
     155    3   0  3.100E+02  2.00E+00  1.36E+08  5.52E-02  2.19E+05  3.57E-14    530.39 ER
     156    3   0  3.120E+02  2.00E+00  1.37E+08  5.17E-02  2.19E+05  3.14E-14    534.23 ER
     157    3   0  3.140E+02  2.00E+00  1.37E+08  4.83E-02  2.20E+05  2.75E-14    538.66 ER
     158    3   0  3.160E+02  2.00E+00  1.37E+08  4.51E-02  2.20E+05  2.39E-14    543.57 ER
     159    3   0  3.180E+02  2.00E+00  1.37E+08  4.20E-02  2.20E+05  2.08E-14    547.70 ER
     160    3   0  3.200E+02  2.00E+00  1.37E+08  3.90E-02  2.21E+05  1.79E-14    552.34 ER
     161    3   0  3.220E+02  2.00E+00  1.37E+08  3.61E-02  2.21E+05  1.54E-14    558.97 ER
     162    3   0  3.240E+02  2.00E+00  1.37E+08  3.34E-02  2.21E+05  1.31E-14    567.76 ER
     163    3   0  3.260E+02  2.00E+00  1.37E+08  3.07E-02  2.22E+05  1.12E-14    574.35 ER
     164    3   0  3.280E+02  2.00E+00  1.37E+08  2.83E-02  2.22E+05  9.43E-15    581.35 ER
     165    3   0  3.300E+02  2.00E+00  1.37E+08  2.59E-02  2.22E+05  7.92E-15    589.52 ER
     166    3   0  3.320E+02  2.00E+00  1.37E+08  2.36E-02  2.23E+05  6.61E-15    596.57 ER
     167    3   0  3.340E+02  2.00E+00  1.37E+08  2.15E-02  2.23E+05  5.48E-15    603.87 ER
     168    3   0  3.360E+02  2.00E+00  1.37E+08  1.95E-02  2.23E+05  4.50E-15    611.65 ER
     169    3   0  3.380E+02  2.00E+00  1.37E+08  1.76E-02  2.23E+05  3.66E-15    621.06 ER
     170    3   0  3.400E+02  2.00E+00  1.37E+08  1.58E-02  2.24E+05  2.96E-15    629.69 ER
     171    3   0  3.420E+02  2.00E+00  1.37E+08  1.42E-02  2.24E+05  2.38E-15    638.08 ER
     172    3   0  3.440E+02  2.00E+00  1.37E+08  1.26E-02  2.24E+05  1.89E-15    645.78 ER
     173    3   0  3.460E+02  2.00E+00  1.37E+08  1.12E-02  2.24E+05  1.48E-15    653.88 ER
     174    3   0  3.480E+02  2.00E+00  1.37E+08  9.84E-03  2.24E+05  1.15E-15    661.85 ER
     175    3   0  3.500E+02  2.00E+00  1.37E+08  8.62E-03  2.25E+05  8.84E-16    670.64 ER
     176    3   0  3.520E+02  2.00E+00  1.37E+08  7.46E-03  2.25E+05  6.62E-16    678.80 ER

  Sum     528   0
  ---------------------------------- END OF FEAP LOG --------------------------------------
