
  --------------------------------- START OF FEAP LOG ----------------------------------

  INPUT FILE NAME: Isi_p3                                                                                                                          

  MESH INPUT RECORDS
  ------------------
     KIMSetup                       
     mate            1              
     param                          
     block                          
     eboun                          
     cboun                          
     param                          
     edisp                          
     end                            

  --------------------------------- END OF MESH INPUTS ---------------------------------

  CONVERGENCE LABELS
  ----------------
    UN = Unconverged
    LI = Linear Problem: No Test
    ER = Energy & Residual Converged
    EN = Energy Converged
    RN = Residual Converged
    ET = Energy Converged to Zero Tolerance
    RT = Residual Converged to Tolerance

  SOLUTION SUMMARY
  ----------------
    Load  Total     Solution      Time     Residual Norm        Energy Norm     CPU Time Cn
    Step Tang+Form      Time      Incr.  Initial     Final   Initial     Final (Seconds)
  -----------------------------------------------------------------------------------------
       1    3   0  2.000E+00  2.00E+00  4.41E+07  2.16E-02  3.00E+04  7.16E-15      1.07 EN
       2    3   0  4.000E+00  2.00E+00  4.42E+07  2.17E-02  3.01E+04  7.25E-15      1.96 EN
       3    3   0  6.000E+00  2.00E+00  4.42E+07  2.18E-02  3.02E+04  7.36E-15      2.83 EN
       4    3   0  8.000E+00  2.00E+00  4.43E+07  2.20E-02  3.03E+04  7.45E-15      3.70 EN
       5    3   0  1.000E+01  2.00E+00  4.44E+07  2.21E-02  3.04E+04  7.56E-15      4.53 EN
       6    3   0  1.200E+01  2.00E+00  4.44E+07  2.23E-02  3.05E+04  7.67E-15      5.42 EN
       7    3   0  1.400E+01  2.00E+00  4.45E+07  2.24E-02  3.06E+04  7.75E-15      6.30 EN
       8    3   0  1.600E+01  2.00E+00  4.46E+07  2.25E-02  3.07E+04  7.85E-15      7.19 EN
       9    3   0  1.800E+01  2.00E+00  4.47E+07  2.27E-02  3.08E+04  7.97E-15      8.10 EN
      10    3   0  2.000E+01  2.00E+00  4.47E+07  2.28E-02  3.09E+04  8.04E-15      9.00 EN
      11    3   0  2.200E+01  2.00E+00  4.48E+07  2.30E-02  3.10E+04  8.18E-15     10.01 EN
      12    3   0  2.400E+01  2.00E+00  4.49E+07  2.32E-02  3.11E+04  8.30E-15     10.99 EN
      13    3   0  2.600E+01  2.00E+00  4.50E+07  2.33E-02  3.12E+04  8.39E-15     11.91 EN
      14    3   0  2.800E+01  2.00E+00  4.50E+07  2.34E-02  3.14E+04  8.49E-15     12.83 EN
      15    3   0  3.000E+01  2.00E+00  4.51E+07  2.36E-02  3.15E+04  8.61E-15     13.69 EN
      16    3   0  3.200E+01  2.00E+00  4.52E+07  2.37E-02  3.16E+04  8.69E-15     14.49 EN
      17    3   0  3.400E+01  2.00E+00  4.52E+07  2.38E-02  3.17E+04  8.80E-15     15.31 EN
      18    3   0  3.600E+01  2.00E+00  4.53E+07  2.40E-02  3.18E+04  8.90E-15     16.15 EN
      19    3   0  3.800E+01  2.00E+00  4.54E+07  2.41E-02  3.19E+04  9.01E-15     16.94 EN
      20    3   0  4.000E+01  2.00E+00  4.55E+07  2.42E-02  3.20E+04  9.10E-15     17.70 EN
      21    3   0  4.200E+01  2.00E+00  4.55E+07  2.44E-02  3.21E+04  9.20E-15     18.50 EN
      22    3   0  4.400E+01  2.00E+00  4.56E+07  2.45E-02  3.23E+04  9.30E-15     19.36 EN
      23    3   0  4.600E+01  2.00E+00  4.57E+07  2.46E-02  3.24E+04  9.41E-15     20.19 EN
      24    3   0  4.800E+01  2.00E+00  4.58E+07  2.47E-02  3.25E+04  9.50E-15     21.00 EN
      25    3   0  5.000E+01  2.00E+00  4.58E+07  2.49E-02  3.26E+04  9.60E-15     21.80 EN
      26    3   0  5.200E+01  2.00E+00  4.59E+07  2.50E-02  3.27E+04  9.70E-15     22.65 EN
      27    3   0  5.400E+01  2.00E+00  4.60E+07  2.51E-02  3.28E+04  9.79E-15     23.48 EN
      28    3   0  5.600E+01  2.00E+00  4.60E+07  2.52E-02  3.29E+04  9.91E-15     24.30 EN
      29    3   0  5.800E+01  2.00E+00  4.61E+07  2.53E-02  3.31E+04  9.99E-15     25.17 EN
      30    3   0  6.000E+01  2.00E+00  4.62E+07  2.55E-02  3.32E+04  1.01E-14     25.99 EN
      31    3   0  6.200E+01  2.00E+00  4.63E+07  2.56E-02  3.33E+04  1.02E-14     26.81 EN
      32    3   0  6.400E+01  2.00E+00  4.63E+07  2.57E-02  3.34E+04  1.03E-14     27.64 EN
      33    3   0  6.600E+01  2.00E+00  4.64E+07  2.58E-02  3.35E+04  1.04E-14     28.58 EN
      34    3   0  6.800E+01  2.00E+00  4.65E+07  2.59E-02  3.36E+04  1.05E-14     29.59 EN
      35    3   0  7.000E+01  2.00E+00  4.66E+07  2.60E-02  3.38E+04  1.06E-14     30.69 EN
      36    3   0  7.200E+01  2.00E+00  4.66E+07  2.61E-02  3.39E+04  1.07E-14     31.72 EN
      37    3   0  7.400E+01  2.00E+00  4.67E+07  2.63E-02  3.40E+04  1.07E-14     32.70 EN
      38    3   0  7.600E+01  2.00E+00  4.68E+07  2.64E-02  3.41E+04  1.08E-14     33.74 EN
      39    3   0  7.800E+01  2.00E+00  4.69E+07  2.64E-02  3.42E+04  1.09E-14     34.74 EN
      40    3   0  8.000E+01  2.00E+00  4.69E+07  2.66E-02  3.44E+04  1.10E-14     35.77 EN
      41    3   0  8.200E+01  2.00E+00  4.70E+07  2.67E-02  3.45E+04  1.11E-14     36.79 EN
      42    3   0  8.400E+01  2.00E+00  4.71E+07  2.67E-02  3.46E+04  1.12E-14     37.80 EN
      43    3   0  8.600E+01  2.00E+00  4.72E+07  2.69E-02  3.47E+04  1.13E-14     38.85 EN
      44    3   0  8.800E+01  2.00E+00  4.72E+07  2.70E-02  3.49E+04  1.13E-14     39.89 EN
      45    3   0  9.000E+01  2.00E+00  4.73E+07  2.70E-02  3.50E+04  1.14E-14     40.94 EN
      46    3   0  9.200E+01  2.00E+00  4.74E+07  2.71E-02  3.51E+04  1.15E-14     41.92 EN
      47    3   0  9.400E+01  2.00E+00  4.75E+07  2.72E-02  3.52E+04  1.16E-14     42.96 EN
      48    3   0  9.600E+01  2.00E+00  4.75E+07  2.73E-02  3.53E+04  1.17E-14     44.02 EN
      49    3   0  9.800E+01  2.00E+00  4.76E+07  2.74E-02  3.55E+04  1.17E-14     45.03 EN
      50    3   0  1.000E+02  2.00E+00  4.77E+07  2.75E-02  3.56E+04  1.18E-14     46.52 EN
      51    3   0  1.020E+02  2.00E+00  4.78E+07  2.76E-02  3.57E+04  1.19E-14     48.11 EN
      52    3   0  1.040E+02  2.00E+00  4.78E+07  2.77E-02  3.58E+04  1.20E-14     51.48 EN
      53    3   0  1.060E+02  2.00E+00  4.79E+07  2.77E-02  3.60E+04  1.20E-14     53.88 EN
      54    3   0  1.080E+02  2.00E+00  4.80E+07  2.78E-02  3.61E+04  1.21E-14     55.83 EN
      55    3   0  1.100E+02  2.00E+00  4.80E+07  2.79E-02  3.62E+04  1.22E-14     57.75 ER
      56    3   0  1.120E+02  2.00E+00  4.81E+07  2.79E-02  3.63E+04  1.23E-14     59.76 ER
      57    3   0  1.140E+02  2.00E+00  4.82E+07  2.80E-02  3.65E+04  1.23E-14     64.08 ER
      58    3   0  1.160E+02  2.00E+00  4.83E+07  2.81E-02  3.66E+04  1.24E-14     67.21 ER
      59    3   0  1.180E+02  2.00E+00  4.83E+07  2.82E-02  3.67E+04  1.25E-14     70.02 ER
      60    3   0  1.200E+02  2.00E+00  4.84E+07  2.82E-02  3.68E+04  1.25E-14     74.03 ER
      61    3   0  1.220E+02  2.00E+00  4.85E+07  2.83E-02  3.70E+04  1.26E-14     77.92 ER
      62    3   0  1.240E+02  2.00E+00  4.86E+07  2.84E-02  3.71E+04  1.27E-14     81.59 ER
      63    3   0  1.260E+02  2.00E+00  4.86E+07  2.84E-02  3.72E+04  1.27E-14     85.59 ER
      64    3   0  1.280E+02  2.00E+00  4.87E+07  2.85E-02  3.73E+04  1.27E-14     90.26 ER
      65    3   0  1.300E+02  2.00E+00  4.88E+07  2.86E-02  3.75E+04  1.28E-14     98.65 ER
      66    3   0  1.320E+02  2.00E+00  4.89E+07  2.86E-02  3.76E+04  1.29E-14    104.71 ER
      67    3   0  1.340E+02  2.00E+00  4.89E+07  2.87E-02  3.77E+04  1.29E-14    108.86 ER
      68    3   0  1.360E+02  2.00E+00  4.90E+07  2.87E-02  3.79E+04  1.30E-14    113.05 ER
      69    3   0  1.380E+02  2.00E+00  4.91E+07  2.87E-02  3.80E+04  1.30E-14    117.54 ER
      70    3   0  1.400E+02  2.00E+00  4.91E+07  2.88E-02  3.81E+04  1.31E-14    121.89 ER
      71    3   0  1.420E+02  2.00E+00  4.92E+07  2.88E-02  3.82E+04  1.31E-14    126.37 ER
      72    3   0  1.440E+02  2.00E+00  4.93E+07  2.89E-02  3.84E+04  1.32E-14    130.94 ER
      73    3   0  1.460E+02  2.00E+00  4.94E+07  2.89E-02  3.85E+04  1.32E-14    135.76 ER
      74    3   0  1.480E+02  2.00E+00  4.94E+07  2.90E-02  3.86E+04  1.33E-14    140.87 ER
      75    3   0  1.500E+02  2.00E+00  4.95E+07  2.90E-02  3.88E+04  1.33E-14    145.74 ER
      76    3   0  1.520E+02  2.00E+00  4.96E+07  2.89E-02  3.89E+04  1.33E-14    158.08 ER
      77    3   0  1.540E+02  2.00E+00  4.97E+07  2.89E-02  3.90E+04  1.32E-14    166.19 ER
      78    3   0  1.560E+02  2.00E+00  4.97E+07  2.89E-02  3.92E+04  1.33E-14    171.50 ER
      79    3   0  1.580E+02  2.00E+00  4.98E+07  2.90E-02  3.93E+04  1.33E-14    176.76 ER
      80    3   0  1.600E+02  2.00E+00  4.99E+07  2.89E-02  3.94E+04  1.33E-14    183.08 ER
      81    3   0  1.620E+02  2.00E+00  4.99E+07  2.89E-02  3.95E+04  1.32E-14    188.65 ER
      82    3   0  1.640E+02  2.00E+00  5.00E+07  2.87E-02  3.97E+04  1.31E-14    193.59 ER
      83    3   0  1.660E+02  2.00E+00  5.01E+07  2.85E-02  3.98E+04  1.29E-14    198.92 ER
      84    3   0  1.680E+02  2.00E+00  5.02E+07  2.83E-02  3.99E+04  1.27E-14    204.86 ER
      85    3   0  1.700E+02  2.00E+00  5.02E+07  2.81E-02  4.01E+04  1.25E-14    210.36 ER
      86    3   0  1.720E+02  2.00E+00  5.03E+07  2.78E-02  4.02E+04  1.23E-14    216.08 ER
      87    3   0  1.740E+02  2.00E+00  5.04E+07  2.74E-02  4.03E+04  1.20E-14    221.78 ER
      88    3   0  1.760E+02  2.00E+00  5.04E+07  2.70E-02  4.05E+04  1.16E-14    227.65 ER
      89    3   0  1.780E+02  2.00E+00  5.05E+07  2.64E-02  4.06E+04  1.11E-14    232.97 ER
      90    3   0  1.800E+02  2.00E+00  5.06E+07  2.58E-02  4.07E+04  1.06E-14    238.71 ER
      91    3   0  1.820E+02  2.00E+00  5.06E+07  2.50E-02  4.08E+04  9.99E-15    244.16 ER
      92    3   0  1.840E+02  2.00E+00  5.07E+07  2.43E-02  4.10E+04  9.40E-15    249.84 ER
      93    3   0  1.860E+02  2.00E+00  5.08E+07  2.32E-02  4.11E+04  8.60E-15    255.53 ER
      94    3   0  1.880E+02  2.00E+00  5.08E+07  2.21E-02  4.12E+04  7.82E-15    261.29 ER
      95    3   0  1.900E+02  2.00E+00  5.09E+07  2.09E-02  4.13E+04  6.97E-15    266.91 ER
      96    3   0  1.920E+02  2.00E+00  5.09E+07  1.96E-02  4.14E+04  6.13E-15    272.82 ER
      97    3   0  1.940E+02  2.00E+00  5.10E+07  1.80E-02  4.15E+04  5.20E-15    278.23 ER
      98    3   0  1.960E+02  2.00E+00  5.10E+07  1.65E-02  4.16E+04  4.37E-15    284.06 ER
      99    3   0  1.980E+02  2.00E+00  5.11E+07  1.48E-02  4.18E+04  3.51E-15    289.77 ER
     100    3   0  2.000E+02  2.00E+00  5.11E+07  1.31E-02  4.19E+04  2.75E-15    295.47 ER
     101    3   0  2.020E+02  2.00E+00  5.11E+07  1.13E-02  4.19E+04  2.03E-15    301.48 ER
     102    3   0  2.040E+02  2.00E+00  5.12E+07  9.50E-03  4.20E+04  1.45E-15    307.60 ER
     103    3   0  2.060E+02  2.00E+00  5.12E+07  7.58E-03  4.21E+04  9.23E-16    313.63 ER
     104    3   0  2.080E+02  2.00E+00  5.12E+07  5.80E-03  4.22E+04  5.42E-16    319.69 ER
     105    3   0  2.100E+02  2.00E+00  5.12E+07  4.05E-03  4.22E+04  2.66E-16    325.53 ER
     106    3   0  2.120E+02  2.00E+00  5.12E+07  2.44E-03  4.23E+04  9.59E-17    331.46 ER
     107    3   0  2.140E+02  2.00E+00  5.12E+07  9.58E-04  4.23E+04  1.55E-17    337.25 ER
     108    3   0  2.160E+02  2.00E+00  5.12E+07  1.28E-04  4.24E+04  3.17E-19    343.39 ER
     109    3   0  2.180E+02  2.00E+00  5.12E+07  1.06E-03  4.24E+04  1.82E-17    349.68 ER
     110    3   0  2.200E+02  2.00E+00  5.11E+07  1.78E-03  4.24E+04  5.00E-17    355.86 ER
     111    3   0  2.220E+02  2.00E+00  5.11E+07  2.24E-03  4.24E+04  8.14E-17    362.42 ER
     112    3   0  2.240E+02  2.00E+00  5.10E+07  2.23E-03  4.24E+04  8.09E-17    368.67 ER
     113    3   0  2.260E+02  2.00E+00  5.10E+07  1.87E-03  4.24E+04  5.71E-17    374.92 ER
     114    3   0  2.280E+02  2.00E+00  5.09E+07  1.32E-03  4.23E+04  2.89E-17    381.70 ER
     115    3   0  2.300E+02  2.00E+00  5.08E+07  6.92E-04  4.22E+04  7.88E-18    388.33 ER
     116    3   0  2.320E+02  2.00E+00  5.07E+07  1.77E-04  4.22E+04  5.27E-19    394.98 ER
     117    3   0  2.340E+02  2.00E+00  5.05E+07  7.70E-06  4.20E+04  3.09E-21    401.20 ER
     118    3   0  2.360E+02  2.00E+00  5.04E+07  6.00E-04  4.19E+04  6.52E-18    407.54 ER
     119    3   0  2.380E+02  2.00E+00  5.02E+07  2.89E-03  4.18E+04  1.40E-16    413.88 ER
     120    3   0  2.400E+02  2.00E+00  5.00E+07  7.56E-03  4.16E+04  9.53E-16    420.49 ER
     121    3   0  2.420E+02  2.00E+00  4.98E+07  1.65E-02  4.14E+04  4.56E-15    427.06 ER
     122    3   0  2.440E+02  2.00E+00  4.95E+07  3.24E-02  4.11E+04  1.78E-14    434.67 ER
     123    3   0  2.460E+02  2.00E+00  4.92E+07  5.57E-02  4.08E+04  5.25E-14    441.98 ER
     124    3   0  2.480E+02  2.00E+00  4.89E+07  9.58E-02  4.05E+04  1.56E-13    449.24 EN
     125    3   0  2.500E+02  2.00E+00  4.86E+07  1.55E-01  4.01E+04  4.09E-13    455.84 EN
     126    3   0  2.520E+02  2.00E+00  4.82E+07  2.43E-01  3.97E+04  1.02E-12    461.73 EN
     127    3   0  2.540E+02  2.00E+00  4.78E+07  3.79E-01  3.93E+04  2.50E-12    467.79 EN
     128    4   0  2.560E+02  2.00E+00  4.73E+07  1.15E-05  3.88E+04  3.41E-21    475.81 ER
     129    4   0  2.580E+02  2.00E+00  4.68E+07  1.63E-05  3.82E+04  1.41E-20    483.79 ER
     130    4   0  2.600E+02  2.00E+00  4.62E+07  8.64E-06  3.76E+04  5.06E-21    492.52 ER
     131    4   0  2.620E+02  2.00E+00  4.55E+07  8.37E-06  3.69E+04  3.01E-21    500.39 ER
     132    4   0  2.640E+02  2.00E+00  4.48E+07  1.01E-05  3.61E+04  5.18E-21    507.80 ER
     133    4   0  2.660E+02  2.00E+00  4.40E+07  1.17E-05  3.52E+04  8.36E-21    515.52 ER
     134    4   0  2.680E+02  2.00E+00  4.31E+07  1.85E-05  3.42E+04  1.00E-20    523.23 ER
     135    4   0  2.700E+02  2.00E+00  4.21E+07  1.02E-05  3.31E+04  4.91E-21    530.80 ER
     136    4   0  2.720E+02  2.00E+00  4.09E+07  1.49E-05  3.18E+04  6.55E-21    538.22 ER
     137    4   0  2.740E+02  2.00E+00  3.96E+07  1.52E-05  3.04E+04  1.15E-20    545.35 ER
     138    4   0  2.760E+02  2.00E+00  3.81E+07  2.68E-05  2.87E+04  1.74E-20    552.01 ER
     139    4   0  2.780E+02  2.00E+00  3.64E+07  1.52E-05  2.68E+04  6.68E-21    558.82 ER
     140    4   0  2.800E+02  2.00E+00  3.43E+07  1.94E-05  2.46E+04  1.25E-20    566.07 ER
     141    4   0  2.820E+02  2.00E+00  3.18E+07  8.69E-05  2.20E+04  1.76E-19    572.83 ER
     142    4   0  2.840E+02  2.00E+00  2.88E+07  1.58E-03  1.89E+04  6.14E-17    579.50 ER
     143    4   0  2.860E+02  2.00E+00  2.50E+07  1.47E-02  1.52E+04  5.77E-15    588.01 ER
     144    5   0  2.880E+02  2.00E+00  1.98E+07  8.17E-05  1.05E+04  3.08E-19    597.97 ER
     145    5   0  2.900E+02  2.00E+00  1.20E+07  1.49E-03  4.51E+03  1.05E-16    607.44 ER
     146    9   0  2.920E+02  2.00E+00  3.19E+06  1.08E-05  4.79E+02  1.11E-20    624.63 ER
     147    3   0  2.940E+02  2.00E+00  6.36E+07  7.54E-02  1.93E+05  2.51E-13    631.62 EN
     148    3   0  2.960E+02  2.00E+00  6.38E+07  1.27E-01  1.64E+05  3.55E-13    638.30 EN
     149    3   0  2.980E+02  2.00E+00  6.41E+07  1.92E-01  9.12E+04  8.91E-13    645.20 EN
     150    3   0  3.000E+02  2.00E+00  6.44E+07  2.67E-01  1.01E+05  2.08E-11    651.77 RT
     151    3   0  3.020E+02  2.00E+00  6.47E+07  3.51E-01  1.22E+06  3.51E-12    658.13 EN
     152    3   0  3.040E+02  2.00E+00  6.50E+07  4.38E-01  1.21E+05  4.31E-12    664.91 EN
     153    3   0  3.060E+02  2.00E+00  6.55E+07  5.27E-01  9.53E+04  5.75E-12    673.69 EN
     154    3   0  3.080E+02  2.00E+00  6.59E+07  6.09E-01  8.86E+04  7.44E-12    682.19 EN
     155    4   0  3.100E+02  2.00E+00  6.64E+07  9.85E-06  8.67E+04  2.62E-19    691.34 ER
     156    4   0  3.120E+02  2.00E+00  6.69E+07  1.10E-05  8.66E+04  1.91E-19    700.90 ER
     157    4   0  3.140E+02  2.00E+00  6.74E+07  1.91E-05  8.72E+04  1.13E-19    709.67 ER
     158    4   0  3.160E+02  2.00E+00  6.79E+07  8.86E-06  8.81E+04  6.98E-20    718.49 ER
     159    4   0  3.180E+02  2.00E+00  6.85E+07  2.45E-05  8.93E+04  2.99E-19    726.66 ER
     160    4   0  3.200E+02  2.00E+00  6.90E+07  5.56E-06  9.13E+04  1.34E-19    735.76 ER
     161    4   0  3.220E+02  2.00E+00  6.96E+07  7.69E-06  9.45E+04  4.09E-20    744.11 ER
     162    4   0  3.240E+02  2.00E+00  7.02E+07  2.82E-05  1.00E+05  1.58E-19    753.58 ER
     163    4   0  3.260E+02  2.00E+00  7.07E+07  1.00E-05  1.10E+05  1.83E-20    761.79 ER
     164    4   0  3.280E+02  2.00E+00  7.13E+07  1.47E-05  1.33E+05  7.57E-20    770.78 ER
     165    4   0  3.300E+02  2.00E+00  7.19E+07  1.85E-05  2.16E+05  5.34E-19    779.80 ER
     166    3   0  3.320E+02  2.00E+00  7.25E+07  8.66E-01  3.55E+05  2.16E-11    787.28 EN
     167    4   0  3.340E+02  2.00E+00  7.30E+07  1.50E-05  1.54E+05  3.77E-20    795.51 ER
     168    4   0  3.360E+02  2.00E+00  7.36E+07  2.33E-05  1.59E+05  1.15E-18    804.12 ER
     169    3   0  3.380E+02  2.00E+00  7.41E+07  7.62E-01  4.15E+05  2.97E-11    811.92 EN
     170    3   0  3.400E+02  2.00E+00  7.47E+07  7.23E-01  2.80E+05  9.24E-10    819.15 RT
     171    3   0  3.420E+02  2.00E+00  7.52E+07  6.83E-01  9.57E+06  1.29E-11    826.66 EN
     172    3   0  3.440E+02  2.00E+00  7.57E+07  6.46E-01  1.53E+05  8.88E-12    834.15 EN
     173    3   0  3.460E+02  2.00E+00  7.62E+07  6.09E-01  1.18E+05  7.62E-12    840.84 EN
     174    3   0  3.480E+02  2.00E+00  7.67E+07  5.70E-01  1.13E+05  7.08E-12    848.30 EN
     175    3   0  3.500E+02  2.00E+00  7.72E+07  5.34E-01  1.22E+05  7.92E-12    855.72 EN
     176    3   0  3.520E+02  2.00E+00  7.77E+07  5.01E-01  1.58E+05  2.44E-11    864.07 RT
     177    3   0  3.540E+02  2.00E+00  7.82E+07  4.67E-01  5.65E+05  1.00E-11    872.60 EN
     178    3   0  3.560E+02  2.00E+00  7.86E+07  4.37E-01  2.79E+05  1.09E-11    881.64 EN
     179    3   0  3.580E+02  2.00E+00  7.91E+07  4.09E-01  3.51E+05  4.00E-12    890.52 EN
     180    3   0  3.600E+02  2.00E+00  7.95E+07  3.80E-01  1.53E+05  2.68E-12    899.68 EN
     181    3   0  3.620E+02  2.00E+00  7.99E+07  3.54E-01  1.18E+05  2.01E-12    908.61 EN
     182    3   0  3.640E+02  2.00E+00  8.03E+07  3.31E-01  1.03E+05  1.59E-12    917.39 EN
     183    3   0  3.660E+02  2.00E+00  8.07E+07  3.07E-01  9.45E+04  1.29E-12    926.41 EN
     184    3   0  3.680E+02  2.00E+00  8.11E+07  2.98E-01  8.92E+04  1.15E-12    935.75 EN
     185    3   0  3.700E+02  2.00E+00  8.15E+07  2.71E-01  8.56E+04  9.13E-13    944.41 EN
     186    3   0  3.720E+02  2.00E+00  8.18E+07  2.53E-01  8.31E+04  7.65E-13    953.10 EN
     187    3   0  3.740E+02  2.00E+00  8.22E+07  2.32E-01  8.13E+04  6.24E-13    961.62 EN
     188    3   0  3.760E+02  2.00E+00  8.25E+07  2.17E-01  7.99E+04  5.36E-13    969.16 EN
     189    3   0  3.780E+02  2.00E+00  8.28E+07  2.01E-01  7.88E+04  4.52E-13    978.63 EN
     190    3   0  3.800E+02  2.00E+00  8.32E+07  1.87E-01  7.80E+04  3.90E-13    986.86 EN
     191    3   0  3.820E+02  2.00E+00  8.35E+07  1.75E-01  7.74E+04  3.40E-13    994.57 EN
     192    3   0  3.840E+02  2.00E+00  8.38E+07  1.63E-01  7.70E+04  2.91E-13   1002.57 EN
     193    3   0  3.860E+02  2.00E+00  8.41E+07  1.53E-01  7.66E+04  2.52E-13   1010.49 EN
     194    3   0  3.880E+02  2.00E+00  8.43E+07  1.42E-01  7.64E+04  2.86E-13   1019.37 EN
     195    3   0  3.900E+02  2.00E+00  8.46E+07  1.34E-01  7.62E+04  2.75E-12   1027.38 EN
     196    3   0  3.920E+02  2.00E+00  8.49E+07  1.25E-01  7.61E+04  1.79E-13   1035.89 EN
     197    3   0  3.940E+02  2.00E+00  8.51E+07  1.15E-01  7.62E+04  1.61E-13   1043.80 EN
     198    3   0  3.960E+02  2.00E+00  8.54E+07  1.07E-01  7.64E+04  1.52E-13   1051.86 EN
     199    3   0  3.980E+02  2.00E+00  8.56E+07  1.00E-01  7.68E+04  1.08E-13   1059.82 EN
     200    3   0  4.000E+02  2.00E+00  8.58E+07  9.57E-02  7.71E+04  9.83E-14   1068.16 EN
     201    3   0  4.020E+02  2.00E+00  8.61E+07  8.21E-02  7.75E+04  7.05E-14   1076.47 EN
     202    3   0  4.040E+02  2.00E+00  8.63E+07  7.57E-02  7.78E+04  5.98E-14   1085.76 EN
     203    3   0  4.060E+02  2.00E+00  8.65E+07  6.83E-02  7.82E+04  4.87E-14   1095.82 ER
     204    3   0  4.080E+02  2.00E+00  8.66E+07  6.18E-02  7.85E+04  4.03E-14   1105.64 ER
     205    3   0  4.100E+02  2.00E+00  8.68E+07  5.27E-02  7.87E+04  2.89E-14   1115.21 ER
     206    3   0  4.120E+02  2.00E+00  8.70E+07  4.57E-02  7.90E+04  2.20E-14   1125.22 ER
     207    3   0  4.140E+02  2.00E+00  8.71E+07  3.93E-02  7.93E+04  1.61E-14   1135.20 ER
     208    3   0  4.160E+02  2.00E+00  8.73E+07  3.53E-02  7.95E+04  1.50E-14   1143.84 ER
     209    3   0  4.180E+02  2.00E+00  8.71E+07  4.29E-02  7.93E+04  2.04E-14   1152.50 ER
     210    3   0  4.200E+02  2.00E+00  8.70E+07  5.00E-02  7.90E+04  2.69E-14   1160.68 ER
     211    3   0  4.220E+02  2.00E+00  8.68E+07  5.77E-02  7.87E+04  3.55E-14   1168.85 ER
     212    3   0  4.240E+02  2.00E+00  8.66E+07  6.60E-02  7.85E+04  4.63E-14   1177.59 ER
     213    3   0  4.260E+02  2.00E+00  8.65E+07  7.38E-02  7.82E+04  5.74E-14   1185.38 EN
     214    3   0  4.280E+02  2.00E+00  8.63E+07  8.23E-02  7.78E+04  7.14E-14   1192.66 EN
     215    3   0  4.300E+02  2.00E+00  8.61E+07  9.04E-02  7.75E+04  8.76E-14   1199.94 EN
     216    3   0  4.320E+02  2.00E+00  8.58E+07  9.96E-02  7.71E+04  1.20E-13   1206.87 EN
     217    3   0  4.340E+02  2.00E+00  8.56E+07  1.09E-01  7.68E+04  1.64E-13   1214.06 EN
     218    3   0  4.360E+02  2.00E+00  8.54E+07  1.18E-01  7.64E+04  2.36E-13   1221.14 EN
     219    3   0  4.380E+02  2.00E+00  8.51E+07  1.28E-01  7.62E+04  1.72E-13   1229.01 EN
     220    3   0  4.400E+02  2.00E+00  8.49E+07  1.38E-01  7.61E+04  2.18E-13   1235.85 EN
     221    3   0  4.420E+02  2.00E+00  8.46E+07  1.48E-01  7.62E+04  2.99E-13   1243.01 EN
     222    3   0  4.440E+02  2.00E+00  8.43E+07  1.59E-01  7.64E+04  2.74E-13   1249.88 EN
     223    3   0  4.460E+02  2.00E+00  8.41E+07  1.71E-01  7.66E+04  3.17E-13   1257.08 EN
     224    3   0  4.480E+02  2.00E+00  8.38E+07  1.83E-01  7.70E+04  3.70E-13   1264.73 EN
     225    3   0  4.500E+02  2.00E+00  8.35E+07  1.88E-01  7.74E+04  3.97E-13   1273.38 EN
     226    3   0  4.520E+02  2.00E+00  8.32E+07  2.03E-01  7.80E+04  4.72E-13   1282.26 EN
     227    3   0  4.540E+02  2.00E+00  8.28E+07  2.14E-01  7.88E+04  5.37E-13   1291.49 EN
     228    3   0  4.560E+02  2.00E+00  8.25E+07  2.42E-01  7.99E+04  7.03E-13   1299.17 EN
     229    3   0  4.580E+02  2.00E+00  8.22E+07  2.57E-01  8.13E+04  8.15E-13   1306.79 EN
     230    3   0  4.600E+02  2.00E+00  8.18E+07  2.73E-01  8.31E+04  9.68E-13   1314.63 EN
     231    3   0  4.620E+02  2.00E+00  8.15E+07  2.93E-01  8.56E+04  1.15E-12   1322.60 EN
     232    3   0  4.640E+02  2.00E+00  8.11E+07  3.15E-01  8.92E+04  1.46E-12   1331.15 EN
     233    3   0  4.660E+02  2.00E+00  8.07E+07  3.38E-01  9.45E+04  1.82E-12   1339.64 EN
     234    3   0  4.680E+02  2.00E+00  8.03E+07  3.56E-01  1.03E+05  2.39E-12   1347.64 EN
     235    3   0  4.700E+02  2.00E+00  7.99E+07  3.82E-01  1.18E+05  3.59E-12   1354.99 EN
     236    3   0  4.720E+02  2.00E+00  7.95E+07  4.09E-01  1.53E+05  9.70E-12   1362.64 EN
     237    3   0  4.740E+02  2.00E+00  7.91E+07  4.38E-01  3.51E+05  8.89E-12   1370.33 EN
     238    3   0  4.760E+02  2.00E+00  7.86E+07  4.71E-01  2.79E+05  2.12E-11   1378.30 EN
     239    3   0  4.780E+02  2.00E+00  7.82E+07  5.03E-01  5.65E+05  6.86E-12   1386.10 EN
     240    3   0  4.800E+02  2.00E+00  7.77E+07  5.37E-01  1.58E+05  6.35E-12   1394.05 EN
     241    3   0  4.820E+02  2.00E+00  7.72E+07  5.72E-01  1.22E+05  6.55E-12   1401.66 EN
     242    3   0  4.840E+02  2.00E+00  7.67E+07  6.10E-01  1.13E+05  7.93E-12   1408.68 EN
     243    3   0  4.860E+02  2.00E+00  7.62E+07  6.48E-01  1.18E+05  1.17E-11   1415.95 EN
     244    3   0  4.880E+02  2.00E+00  7.57E+07  6.89E-01  1.53E+05  8.69E-10   1423.59 RT
     245    3   0  4.900E+02  2.00E+00  7.52E+07  7.30E-01  9.56E+06  2.78E-11   1431.09 EN
     246    4   0  4.920E+02  2.00E+00  7.47E+07  9.09E-06  2.80E+05  9.89E-20   1439.59 ER
     247    3   0  4.940E+02  2.00E+00  7.41E+07  8.09E-01  4.15E+05  2.02E-11   1447.16 EN
     248    4   0  4.960E+02  2.00E+00  7.36E+07  1.10E-05  1.59E+05  1.61E-19   1456.12 ER
     249    4   0  4.980E+02  2.00E+00  7.30E+07  8.89E-06  1.54E+05  1.40E-19   1465.54 ER
     250    3   0  5.000E+02  2.00E+00  7.25E+07  8.99E-01  3.55E+05  3.37E-11   1472.84 EN
     251    4   0  5.020E+02  2.00E+00  7.19E+07  8.63E-06  2.16E+05  8.85E-20   1482.16 ER
     252    4   0  5.040E+02  2.00E+00  7.13E+07  1.42E-05  1.33E+05  1.20E-19   1491.08 ER
     253    4   0  5.060E+02  2.00E+00  7.07E+07  1.20E-05  1.10E+05  5.95E-20   1500.03 ER
     254    4   0  5.080E+02  2.00E+00  7.02E+07  1.25E-05  1.00E+05  1.17E-19   1509.02 ER
     255    4   0  5.100E+02  2.00E+00  6.96E+07  1.06E-05  9.45E+04  9.84E-20   1518.37 ER
     256    4   0  5.120E+02  2.00E+00  6.90E+07  1.21E-05  9.13E+04  8.12E-21   1528.29 ER
     257    4   0  5.140E+02  2.00E+00  6.85E+07  1.54E-05  8.93E+04  3.25E-19   1537.67 ER
     258    4   0  5.160E+02  2.00E+00  6.79E+07  1.37E-05  8.81E+04  3.85E-19   1546.77 ER
     259    4   0  5.180E+02  2.00E+00  6.74E+07  2.96E-05  8.72E+04  4.62E-20   1555.78 ER
     260    4   0  5.200E+02  2.00E+00  6.69E+07  1.28E-05  8.66E+04  1.25E-19   1564.76 ER
     261    3   0  5.220E+02  2.00E+00  6.64E+07  6.23E-01  8.67E+04  7.93E-12   1572.11 EN
     262    3   0  5.240E+02  2.00E+00  6.59E+07  5.38E-01  8.86E+04  6.44E-12   1579.01 EN
     263    3   0  5.260E+02  2.00E+00  6.55E+07  4.51E-01  9.53E+04  5.77E-12   1585.15 EN
     264    3   0  5.280E+02  2.00E+00  6.50E+07  3.64E-01  1.21E+05  3.67E-11   1591.17 RT
     265    3   0  5.300E+02  2.00E+00  6.47E+07  2.80E-01  1.22E+06  1.91E-12   1597.34 EN
     266    3   0  5.320E+02  2.00E+00  6.44E+07  2.04E-01  1.01E+05  9.28E-13   1603.58 EN
     267    3   0  5.340E+02  2.00E+00  6.41E+07  1.37E-01  9.12E+04  7.70E-13   1609.51 EN
     268    3   0  5.360E+02  2.00E+00  6.38E+07  8.37E-02  1.64E+05  3.38E-13   1615.72 EN
     269    3   0  5.380E+02  2.00E+00  6.36E+07  4.32E-02  1.93E+05  5.24E-14   1622.08 ER
     270    3   0  5.400E+02  2.00E+00  6.35E+07  1.65E-02  1.21E+05  8.58E-15   1628.62 ER
     271    3   0  5.420E+02  2.00E+00  6.34E+07  2.99E-03  1.40E+05  2.69E-16   1634.81 ER
     272    3   0  5.440E+02  2.00E+00  6.34E+07  2.08E-04  2.12E+05  7.10E-19   1641.13 ER
     273    3   0  5.460E+02  2.00E+00  6.34E+07  6.14E-03  7.40E+04  5.06E-16   1647.85 ER
     274    3   0  5.480E+02  2.00E+00  6.35E+07  1.78E-02  5.82E+04  3.93E-15   1654.69 ER
     275    3   0  5.500E+02  2.00E+00  6.36E+07  3.24E-02  5.20E+04  1.26E-14   1661.48 ER
     276    3   0  5.520E+02  2.00E+00  6.38E+07  4.73E-02  4.89E+04  2.61E-14   1667.48 ER
     277    3   0  5.540E+02  2.00E+00  6.40E+07  6.02E-02  4.77E+04  4.17E-14   1674.03 EN
     278    3   0  5.560E+02  2.00E+00  6.43E+07  7.02E-02  4.75E+04  5.71E-14   1680.26 EN
     279    3   0  5.580E+02  2.00E+00  6.46E+07  7.54E-02  4.79E+04  6.61E-14   1685.59 EN
     280    3   0  5.600E+02  2.00E+00  6.50E+07  7.70E-02  4.83E+04  6.77E-14   1690.85 EN
     281    3   0  5.620E+02  2.00E+00  6.54E+07  7.45E-02  4.87E+04  6.36E-14   1696.72 EN
     282    3   0  5.640E+02  2.00E+00  6.58E+07  6.92E-02  4.92E+04  5.48E-14   1702.14 EN
     283    3   0  5.660E+02  2.00E+00  6.62E+07  6.17E-02  4.98E+04  4.34E-14   1707.92 EN
     284    3   0  5.680E+02  2.00E+00  6.67E+07  5.40E-02  5.03E+04  3.30E-14   1713.63 EN
     285    3   0  5.700E+02  2.00E+00  6.72E+07  4.48E-02  5.09E+04  2.27E-14   1719.56 ER
     286    3   0  5.720E+02  2.00E+00  6.77E+07  3.39E-02  5.15E+04  1.30E-14   1726.03 ER
     287    3   0  5.740E+02  2.00E+00  6.82E+07  3.35E-02  5.22E+04  1.26E-14   1732.37 ER
     288    3   0  5.760E+02  2.00E+00  6.87E+07  2.55E-02  5.28E+04  7.16E-15   1738.68 ER
     289    3   0  5.780E+02  2.00E+00  6.92E+07  2.11E-02  5.34E+04  4.90E-15   1744.79 ER
     290    3   0  5.800E+02  2.00E+00  6.98E+07  1.62E-02  5.41E+04  2.91E-15   1750.73 ER
     291    3   0  5.820E+02  2.00E+00  7.03E+07  1.33E-02  5.48E+04  1.94E-15   1756.84 ER
     292    3   0  5.840E+02  2.00E+00  7.08E+07  1.11E-02  5.54E+04  1.36E-15   1762.90 ER
     293    3   0  5.860E+02  2.00E+00  7.13E+07  1.17E-02  5.61E+04  1.57E-15   1768.89 ER
     294    3   0  5.880E+02  2.00E+00  7.19E+07  1.26E-02  5.67E+04  1.93E-15   1773.94 ER
     295    3   0  5.900E+02  2.00E+00  7.24E+07  6.36E-03  5.73E+04  4.59E-16   1779.04 ER
     296    3   0  5.920E+02  2.00E+00  7.29E+07  6.84E-03  5.80E+04  6.06E-16   1784.28 ER
     297    3   0  5.940E+02  2.00E+00  7.34E+07  9.47E-03  5.86E+04  1.02E-15   1790.32 ER
     298    3   0  5.960E+02  2.00E+00  7.39E+07  1.74E-02  5.92E+04  3.37E-15   1796.08 ER
     299    3   0  5.980E+02  2.00E+00  7.43E+07  1.68E-02  5.98E+04  3.03E-15   1802.71 ER
     300    3   0  6.000E+02  2.00E+00  7.48E+07  1.77E-02  6.04E+04  3.34E-15   1809.51 ER
     301    3   0  6.020E+02  2.00E+00  7.53E+07  1.86E-02  6.09E+04  3.74E-15   1815.98 ER
     302    3   0  6.040E+02  2.00E+00  7.57E+07  1.90E-02  6.15E+04  3.87E-15   1822.29 ER
     303    3   0  6.060E+02  2.00E+00  7.61E+07  1.95E-02  6.20E+04  4.03E-15   1828.54 ER
     304    3   0  6.080E+02  2.00E+00  7.66E+07  2.08E-02  6.25E+04  4.58E-15   1835.17 ER
     305    3   0  6.100E+02  2.00E+00  7.70E+07  2.23E-02  6.30E+04  5.26E-15   1842.43 ER
     306    3   0  6.120E+02  2.00E+00  7.74E+07  2.07E-02  6.35E+04  4.56E-15   1849.36 ER
     307    3   0  6.140E+02  2.00E+00  7.77E+07  2.03E-02  6.40E+04  4.40E-15   1855.35 ER
     308    3   0  6.160E+02  2.00E+00  7.81E+07  2.02E-02  6.45E+04  4.33E-15   1860.71 ER
     309    3   0  6.180E+02  2.00E+00  7.85E+07  1.99E-02  6.49E+04  4.19E-15   1866.29 ER
     310    3   0  6.200E+02  2.00E+00  7.88E+07  1.94E-02  6.53E+04  3.98E-15   1871.47 ER
     311    3   0  6.220E+02  2.00E+00  7.91E+07  1.86E-02  6.57E+04  3.67E-15   1876.90 ER
     312    3   0  6.240E+02  2.00E+00  7.95E+07  1.78E-02  6.61E+04  3.35E-15   1882.36 ER
     313    3   0  6.260E+02  2.00E+00  7.98E+07  1.71E-02  6.65E+04  3.07E-15   1887.85 ER
     314    3   0  6.280E+02  2.00E+00  8.01E+07  1.61E-02  6.68E+04  2.72E-15   1893.90 ER
     315    3   0  6.300E+02  2.00E+00  8.03E+07  1.51E-02  6.72E+04  2.39E-15   1898.91 ER
     316    3   0  6.320E+02  2.00E+00  8.06E+07  1.40E-02  6.75E+04  2.05E-15   1904.21 ER
     317    3   0  6.340E+02  2.00E+00  8.09E+07  1.29E-02  6.78E+04  1.74E-15   1909.81 ER
     318    3   0  6.360E+02  2.00E+00  8.11E+07  1.18E-02  6.81E+04  1.44E-15   1915.33 ER
     319    3   0  6.380E+02  2.00E+00  8.14E+07  1.08E-02  6.84E+04  1.21E-15   1921.70 ER
     320    3   0  6.400E+02  2.00E+00  8.16E+07  1.00E-02  6.87E+04  1.03E-15   1929.20 ER
     321    3   0  6.420E+02  2.00E+00  8.18E+07  8.69E-03  6.90E+04  7.80E-16   1936.14 ER
     322    3   0  6.440E+02  2.00E+00  8.20E+07  7.80E-03  6.92E+04  6.28E-16   1942.48 ER
     323    3   0  6.460E+02  2.00E+00  8.22E+07  6.86E-03  6.94E+04  4.85E-16   1949.06 ER
     324    3   0  6.480E+02  2.00E+00  8.24E+07  6.05E-03  6.97E+04  3.76E-16   1955.47 ER
     325    3   0  6.500E+02  2.00E+00  8.26E+07  5.26E-03  6.99E+04  2.84E-16   1961.29 ER
     326    3   0  6.520E+02  2.00E+00  8.28E+07  4.53E-03  7.01E+04  2.10E-16   1967.77 ER
     327    3   0  6.540E+02  2.00E+00  8.29E+07  3.89E-03  7.03E+04  1.55E-16   1973.44 ER
     328    3   0  6.560E+02  2.00E+00  8.31E+07  3.15E-03  7.04E+04  1.02E-16   1979.13 ER
     329    3   0  6.580E+02  2.00E+00  8.33E+07  2.55E-03  7.06E+04  6.66E-17   1985.26 ER
     330    3   0  6.600E+02  2.00E+00  8.34E+07  2.07E-03  7.07E+04  4.38E-17   1991.89 ER
     331    3   0  6.620E+02  2.00E+00  8.35E+07  1.61E-03  7.09E+04  2.66E-17   1998.20 ER
     332    3   0  6.640E+02  2.00E+00  8.37E+07  1.24E-03  7.10E+04  1.58E-17   2003.98 ER
     333    3   0  6.660E+02  2.00E+00  8.38E+07  9.02E-04  7.11E+04  8.32E-18   2010.11 ER
     334    3   0  6.680E+02  2.00E+00  8.39E+07  5.95E-04  7.13E+04  3.63E-18   2015.75 ER
     335    3   0  6.700E+02  2.00E+00  8.40E+07  3.69E-04  7.14E+04  1.41E-18   2022.92 ER
     336    3   0  6.720E+02  2.00E+00  8.41E+07  2.07E-04  7.15E+04  4.53E-19   2029.88 ER
     337    3   0  6.740E+02  2.00E+00  8.42E+07  9.26E-05  7.15E+04  9.07E-20   2036.18 ER
     338    3   0  6.760E+02  2.00E+00  8.43E+07  3.58E-05  7.16E+04  1.41E-20   2043.35 ER
     339    3   0  6.780E+02  2.00E+00  8.43E+07  6.49E-06  7.17E+04  1.42E-21   2050.51 ER
     340    3   0  6.800E+02  2.00E+00  8.44E+07  3.84E-05  7.18E+04  1.51E-20   2057.27 ER
     341    3   0  6.820E+02  2.00E+00  8.45E+07  8.45E-05  7.18E+04  7.58E-20   2064.22 ER
     342    3   0  6.840E+02  2.00E+00  8.45E+07  2.02E-04  7.19E+04  4.07E-19   2071.49 ER
     343    3   0  6.860E+02  2.00E+00  8.46E+07  3.25E-04  7.19E+04  1.05E-18   2078.58 ER
     344    3   0  6.880E+02  2.00E+00  8.47E+07  5.00E-04  7.19E+04  2.52E-18   2086.09 ER
     345    3   0  6.900E+02  2.00E+00  8.47E+07  7.22E-04  7.20E+04  5.22E-18   2093.71 ER
     346    3   0  6.920E+02  2.00E+00  8.47E+07  9.83E-04  7.20E+04  9.70E-18   2101.52 ER
     347    3   0  6.940E+02  2.00E+00  8.48E+07  1.25E-03  7.20E+04  1.57E-17   2109.37 ER
     348    3   0  6.960E+02  2.00E+00  8.48E+07  1.56E-03  7.20E+04  2.42E-17   2117.13 ER
     349    3   0  6.980E+02  2.00E+00  8.48E+07  1.90E-03  7.20E+04  3.62E-17   2124.67 ER
     350    3   0  7.000E+02  2.00E+00  8.49E+07  2.26E-03  7.20E+04  5.09E-17   2132.12 ER
     351    3   0  7.020E+02  2.00E+00  8.49E+07  2.61E-03  7.20E+04  6.80E-17   2139.88 ER
     352    3   0  7.040E+02  2.00E+00  8.49E+07  2.99E-03  7.19E+04  8.88E-17   2147.06 ER
     353    3   0  7.060E+02  2.00E+00  8.49E+07  3.42E-03  7.19E+04  1.17E-16   2154.90 ER
     354    3   0  7.080E+02  2.00E+00  8.49E+07  3.83E-03  7.19E+04  1.46E-16   2162.01 ER
     355    3   0  7.100E+02  2.00E+00  8.49E+07  4.28E-03  7.19E+04  1.82E-16   2169.41 ER
     356    3   0  7.120E+02  2.00E+00  8.49E+07  4.74E-03  7.18E+04  2.24E-16   2183.25 ER
     357    3   0  7.140E+02  2.00E+00  8.49E+07  5.19E-03  7.18E+04  2.68E-16   2193.71 ER
     358    3   0  7.160E+02  2.00E+00  8.49E+07  5.65E-03  7.17E+04  3.17E-16   2202.82 ER
     359    3   0  7.180E+02  2.00E+00  8.49E+07  6.13E-03  7.17E+04  3.73E-16   2212.22 ER
     360    3   0  7.200E+02  2.00E+00  8.49E+07  6.55E-03  7.16E+04  4.26E-16   2221.48 ER
     361    3   0  7.220E+02  2.00E+00  8.48E+07  6.97E-03  7.15E+04  4.83E-16   2230.78 ER
     362    3   0  7.240E+02  2.00E+00  8.48E+07  7.43E-03  7.15E+04  5.47E-16   2239.83 ER
     363    3   0  7.260E+02  2.00E+00  8.48E+07  7.83E-03  7.14E+04  6.08E-16   2248.70 ER
     364    3   0  7.280E+02  2.00E+00  8.48E+07  8.23E-03  7.13E+04  6.71E-16   2257.78 EN
     365    3   0  7.300E+02  2.00E+00  8.47E+07  8.59E-03  7.13E+04  7.32E-16   2267.76 EN
     366    3   0  7.320E+02  2.00E+00  8.47E+07  8.96E-03  7.12E+04  7.96E-16   2276.83 EN
     367    3   0  7.340E+02  2.00E+00  8.46E+07  9.28E-03  7.11E+04  8.53E-16   2286.14 EN
     368    3   0  7.360E+02  2.00E+00  8.46E+07  9.54E-03  7.10E+04  9.02E-16   2295.71 EN
     369    3   0  7.380E+02  2.00E+00  8.46E+07  9.78E-03  7.09E+04  9.48E-16   2316.32 EN
     370    3   0  7.400E+02  2.00E+00  8.45E+07  9.96E-03  7.08E+04  9.83E-16   2328.80 EN
     371    3   0  7.420E+02  2.00E+00  8.45E+07  1.01E-02  7.07E+04  1.01E-15   2337.01 EN
     372    3   0  7.440E+02  2.00E+00  8.44E+07  1.02E-02  7.06E+04  1.03E-15   2344.74 EN
     373    3   0  7.460E+02  2.00E+00  8.44E+07  1.02E-02  7.05E+04  1.03E-15   2351.33 EN
     374    3   0  7.480E+02  2.00E+00  8.43E+07  1.02E-02  7.04E+04  1.03E-15   2357.70 EN
     375    3   0  7.500E+02  2.00E+00  8.43E+07  1.01E-02  7.03E+04  1.01E-15   2363.86 EN
     376    3   0  7.520E+02  2.00E+00  8.42E+07  9.94E-03  7.02E+04  9.77E-16   2369.92 EN
     377    3   0  7.540E+02  2.00E+00  8.41E+07  9.73E-03  7.01E+04  9.36E-16   2376.56 EN
     378    3   0  7.560E+02  2.00E+00  8.41E+07  9.46E-03  7.00E+04  8.85E-16   2383.05 EN
     379    3   0  7.580E+02  2.00E+00  8.40E+07  9.13E-03  6.99E+04  8.24E-16   2389.20 EN
     380    3   0  7.600E+02  2.00E+00  8.40E+07  8.71E-03  6.98E+04  7.50E-16   2395.58 EN
     381    3   0  7.620E+02  2.00E+00  8.39E+07  8.25E-03  6.97E+04  6.73E-16   2402.13 EN
     382    3   0  7.640E+02  2.00E+00  8.38E+07  7.79E-03  6.96E+04  6.00E-16   2408.40 EN
     383    3   0  7.660E+02  2.00E+00  8.38E+07  7.25E-03  6.95E+04  5.20E-16   2414.43 EN
     384    3   0  7.680E+02  2.00E+00  8.37E+07  6.67E-03  6.94E+04  4.40E-16   2420.42 EN
     385    3   0  7.700E+02  2.00E+00  8.36E+07  6.03E-03  6.92E+04  3.60E-16   2426.59 EN
     386    3   0  7.720E+02  2.00E+00  8.35E+07  5.42E-03  6.91E+04  2.91E-16   2433.11 EN
     387    3   0  7.740E+02  2.00E+00  8.35E+07  4.74E-03  6.90E+04  2.23E-16   2439.70 EN
     388    3   0  7.760E+02  2.00E+00  8.34E+07  4.05E-03  6.89E+04  1.62E-16   2446.18 ER
     389    3   0  7.780E+02  2.00E+00  8.33E+07  3.40E-03  6.88E+04  1.14E-16   2453.41 ER
     390    3   0  7.800E+02  2.00E+00  8.33E+07  2.76E-03  6.87E+04  7.55E-17   2461.22 ER
     391    3   0  7.820E+02  2.00E+00  8.32E+07  2.18E-03  6.86E+04  4.72E-17   2468.76 ER
     392    3   0  7.840E+02  2.00E+00  8.31E+07  1.67E-03  6.86E+04  2.77E-17   2476.08 ER
     393    3   0  7.860E+02  2.00E+00  8.30E+07  1.16E-03  6.85E+04  1.33E-17   2484.02 ER
     394    3   0  7.880E+02  2.00E+00  8.30E+07  7.09E-04  6.84E+04  5.01E-18   2493.54 ER
     395    3   0  7.900E+02  2.00E+00  8.29E+07  4.20E-04  6.83E+04  1.73E-18   2503.53 ER
     396    3   0  7.920E+02  2.00E+00  8.28E+07  1.68E-04  6.82E+04  2.80E-19   2512.25 ER
     397    3   0  7.940E+02  2.00E+00  8.27E+07  1.57E-05  6.81E+04  1.06E-20   2520.94 ER
     398    3   0  7.960E+02  2.00E+00  8.27E+07  1.82E-05  6.81E+04  1.01E-20   2530.31 ER
     399    3   0  7.980E+02  2.00E+00  8.26E+07  9.51E-05  6.80E+04  9.24E-20   2539.02 ER
     400    3   0  8.000E+02  2.00E+00  8.25E+07  2.93E-04  6.80E+04  8.55E-19   2547.05 ER
     401    3   0  8.020E+02  2.00E+00  8.24E+07  5.14E-04  6.79E+04  2.64E-18   2554.61 ER
     402    3   0  8.040E+02  2.00E+00  8.24E+07  3.62E-04  6.79E+04  1.32E-18   2562.65 ER
     403    3   0  8.060E+02  2.00E+00  8.23E+07  4.05E-04  6.78E+04  1.77E-18   2570.26 ER
     404    3   0  8.080E+02  2.00E+00  8.22E+07  2.39E-04  6.78E+04  6.54E-19   2578.64 ER
     405    3   0  8.100E+02  2.00E+00  8.22E+07  5.87E-05  6.78E+04  7.50E-20   2586.13 ER
     406    3   0  8.120E+02  2.00E+00  8.21E+07  7.73E-04  6.78E+04  6.09E-18   2592.52 ER
     407    3   0  8.140E+02  2.00E+00  8.20E+07  2.38E-03  6.78E+04  5.65E-17   2615.45 ER
     408    3   0  8.160E+02  2.00E+00  8.20E+07  4.66E-03  6.78E+04  2.20E-16   2628.47 ER
     409    3   0  8.180E+02  2.00E+00  8.19E+07  6.60E-03  6.78E+04  4.41E-16   2635.46 ER
     410    3   0  8.200E+02  2.00E+00  8.18E+07  1.36E-02  6.79E+04  1.89E-15   2642.04 ER
     411    3   0  8.220E+02  2.00E+00  8.18E+07  2.16E-02  6.79E+04  4.74E-15   2647.70 EN
     412    3   0  8.240E+02  2.00E+00  8.17E+07  3.22E-02  6.80E+04  1.05E-14   2652.93 EN
     413    3   0  8.260E+02  2.00E+00  8.17E+07  4.65E-02  6.81E+04  2.22E-14   2658.09 EN
     414    3   0  8.280E+02  2.00E+00  8.16E+07  6.61E-02  6.82E+04  4.48E-14   2663.29 EN

  Sum    1294   0
  ---------------------------------- END OF FEAP LOG --------------------------------------
