
  --------------------------------- START OF FEAP LOG ----------------------------------

  INPUT FILE NAME: Isi_p2                                                                                                                          

  MESH INPUT RECORDS
  ------------------
     KIMSetup                       
     mate            1              
     param                          
     block                          
     eboun                          
     cboun                          
     param                          
     edisp                          
     end                            

  --------------------------------- END OF MESH INPUTS ---------------------------------

  CONVERGENCE LABELS
  ----------------
    UN = Unconverged
    LI = Linear Problem: No Test
    ER = Energy & Residual Converged
    EN = Energy Converged
    RN = Residual Converged
    ET = Energy Converged to Zero Tolerance
    RT = Residual Converged to Tolerance

  SOLUTION SUMMARY
  ----------------
    Load  Total     Solution      Time     Residual Norm        Energy Norm     CPU Time Cn
    Step Tang+Form      Time      Incr.  Initial     Final   Initial     Final (Seconds)
  -----------------------------------------------------------------------------------------
       1    3   0  2.000E+00  2.00E+00  6.66E+07  4.32E-02  4.79E+04  2.01E-14      0.87 EN
       2    3   0  4.000E+00  2.00E+00  6.67E+07  4.35E-02  4.80E+04  2.05E-14      1.52 EN
       3    3   0  6.000E+00  2.00E+00  6.68E+07  4.38E-02  4.82E+04  2.08E-14      2.17 EN
       4    3   0  8.000E+00  2.00E+00  6.69E+07  4.42E-02  4.84E+04  2.11E-14      2.83 EN
       5    3   0  1.000E+01  2.00E+00  6.70E+07  4.45E-02  4.85E+04  2.14E-14      3.55 EN
       6    3   0  1.200E+01  2.00E+00  6.71E+07  4.49E-02  4.87E+04  2.18E-14      4.20 EN
       7    3   0  1.400E+01  2.00E+00  6.72E+07  4.52E-02  4.89E+04  2.21E-14      4.92 EN
       8    3   0  1.600E+01  2.00E+00  6.73E+07  4.55E-02  4.91E+04  2.24E-14      5.61 EN
       9    3   0  1.800E+01  2.00E+00  6.74E+07  4.59E-02  4.92E+04  2.28E-14      6.35 EN
      10    3   0  2.000E+01  2.00E+00  6.75E+07  4.62E-02  4.94E+04  2.31E-14      7.08 EN
      11    3   0  2.200E+01  2.00E+00  6.77E+07  4.65E-02  4.96E+04  2.35E-14      7.90 EN
      12    3   0  2.400E+01  2.00E+00  6.78E+07  4.69E-02  4.98E+04  2.38E-14      8.66 EN
      13    3   0  2.600E+01  2.00E+00  6.79E+07  4.72E-02  5.00E+04  2.41E-14      9.33 EN
      14    3   0  2.800E+01  2.00E+00  6.80E+07  4.75E-02  5.01E+04  2.45E-14     10.06 EN
      15    3   0  3.000E+01  2.00E+00  6.81E+07  4.78E-02  5.03E+04  2.48E-14     10.70 EN
      16    3   0  3.200E+01  2.00E+00  6.82E+07  4.82E-02  5.05E+04  2.52E-14     11.34 EN
      17    3   0  3.400E+01  2.00E+00  6.83E+07  4.85E-02  5.07E+04  2.55E-14     12.01 EN
      18    3   0  3.600E+01  2.00E+00  6.85E+07  4.88E-02  5.09E+04  2.58E-14     12.60 EN
      19    3   0  3.800E+01  2.00E+00  6.86E+07  4.91E-02  5.11E+04  2.62E-14     13.28 EN
      20    3   0  4.000E+01  2.00E+00  6.87E+07  4.94E-02  5.12E+04  2.65E-14     14.02 EN
      21    3   0  4.200E+01  2.00E+00  6.88E+07  4.98E-02  5.14E+04  2.69E-14     14.73 EN
      22    3   0  4.400E+01  2.00E+00  6.89E+07  5.01E-02  5.16E+04  2.72E-14     15.44 EN
      23    3   0  4.600E+01  2.00E+00  6.90E+07  5.04E-02  5.18E+04  2.76E-14     16.10 EN
      24    3   0  4.800E+01  2.00E+00  6.91E+07  5.07E-02  5.20E+04  2.79E-14     16.81 EN
      25    3   0  5.000E+01  2.00E+00  6.93E+07  5.10E-02  5.22E+04  2.82E-14     17.55 EN
      26    3   0  5.200E+01  2.00E+00  6.94E+07  5.13E-02  5.24E+04  2.86E-14     18.31 EN
      27    3   0  5.400E+01  2.00E+00  6.95E+07  5.16E-02  5.26E+04  2.90E-14     19.00 EN
      28    3   0  5.600E+01  2.00E+00  6.96E+07  5.19E-02  5.28E+04  2.93E-14     19.62 EN
      29    3   0  5.800E+01  2.00E+00  6.97E+07  5.22E-02  5.30E+04  2.97E-14     20.39 EN
      30    3   0  6.000E+01  2.00E+00  6.98E+07  5.25E-02  5.32E+04  3.00E-14     21.06 EN
      31    3   0  6.200E+01  2.00E+00  7.00E+07  5.28E-02  5.34E+04  3.03E-14     21.79 EN
      32    3   0  6.400E+01  2.00E+00  7.01E+07  5.30E-02  5.36E+04  3.07E-14     22.43 EN
      33    3   0  6.600E+01  2.00E+00  7.02E+07  5.33E-02  5.37E+04  3.10E-14     23.16 EN
      34    3   0  6.800E+01  2.00E+00  7.03E+07  5.36E-02  5.39E+04  3.13E-14     23.86 EN
      35    3   0  7.000E+01  2.00E+00  7.04E+07  5.39E-02  5.41E+04  3.17E-14     24.57 EN
      36    3   0  7.200E+01  2.00E+00  7.06E+07  5.42E-02  5.43E+04  3.20E-14     25.27 EN
      37    3   0  7.400E+01  2.00E+00  7.07E+07  5.45E-02  5.45E+04  3.24E-14     25.97 EN
      38    3   0  7.600E+01  2.00E+00  7.08E+07  5.47E-02  5.47E+04  3.27E-14     26.70 EN
      39    3   0  7.800E+01  2.00E+00  7.09E+07  5.50E-02  5.50E+04  3.30E-14     27.41 EN
      40    3   0  8.000E+01  2.00E+00  7.10E+07  5.52E-02  5.52E+04  3.34E-14     28.19 EN
      41    3   0  8.200E+01  2.00E+00  7.11E+07  5.55E-02  5.54E+04  3.37E-14     28.96 EN
      42    3   0  8.400E+01  2.00E+00  7.13E+07  5.58E-02  5.56E+04  3.40E-14     29.73 EN
      43    3   0  8.600E+01  2.00E+00  7.14E+07  5.60E-02  5.58E+04  3.43E-14     30.39 EN
      44    3   0  8.800E+01  2.00E+00  7.15E+07  5.63E-02  5.60E+04  3.46E-14     31.15 EN
      45    3   0  9.000E+01  2.00E+00  7.16E+07  5.65E-02  5.62E+04  3.49E-14     31.89 EN
      46    3   0  9.200E+01  2.00E+00  7.17E+07  5.68E-02  5.64E+04  3.53E-14     32.61 EN
      47    3   0  9.400E+01  2.00E+00  7.19E+07  5.70E-02  5.66E+04  3.56E-14     33.36 EN
      48    3   0  9.600E+01  2.00E+00  7.20E+07  5.72E-02  5.68E+04  3.59E-14     34.12 EN
      49    3   0  9.800E+01  2.00E+00  7.21E+07  5.75E-02  5.70E+04  3.62E-14     34.90 EN
      50    3   0  1.000E+02  2.00E+00  7.22E+07  5.77E-02  5.72E+04  3.65E-14     35.65 EN
      51    3   0  1.020E+02  2.00E+00  7.23E+07  5.79E-02  5.74E+04  3.68E-14     36.38 EN
      52    3   0  1.040E+02  2.00E+00  7.25E+07  5.82E-02  5.77E+04  3.71E-14     37.21 EN
      53    3   0  1.060E+02  2.00E+00  7.26E+07  5.84E-02  5.79E+04  3.74E-14     38.07 EN
      54    3   0  1.080E+02  2.00E+00  7.27E+07  5.86E-02  5.81E+04  3.77E-14     39.11 EN
      55    3   0  1.100E+02  2.00E+00  7.28E+07  5.88E-02  5.83E+04  3.79E-14     39.80 EN
      56    3   0  1.120E+02  2.00E+00  7.30E+07  5.90E-02  5.85E+04  3.82E-14     40.63 EN
      57    3   0  1.140E+02  2.00E+00  7.31E+07  5.92E-02  5.87E+04  3.85E-14     41.67 EN
      58    3   0  1.160E+02  2.00E+00  7.32E+07  5.94E-02  5.89E+04  3.88E-14     42.58 EN
      59    3   0  1.180E+02  2.00E+00  7.33E+07  5.96E-02  5.92E+04  3.90E-14     43.67 EN
      60    3   0  1.200E+02  2.00E+00  7.34E+07  5.98E-02  5.94E+04  3.93E-14     44.64 EN
      61    3   0  1.220E+02  2.00E+00  7.36E+07  5.99E-02  5.96E+04  3.96E-14     48.74 EN
      62    3   0  1.240E+02  2.00E+00  7.37E+07  6.01E-02  5.98E+04  3.98E-14     53.12 EN
      63    3   0  1.260E+02  2.00E+00  7.38E+07  6.03E-02  6.00E+04  4.01E-14     58.26 EN
      64    3   0  1.280E+02  2.00E+00  7.39E+07  6.05E-02  6.03E+04  4.03E-14     64.06 EN
      65    3   0  1.300E+02  2.00E+00  7.41E+07  6.06E-02  6.05E+04  4.05E-14     68.68 EN
      66    3   0  1.320E+02  2.00E+00  7.42E+07  6.08E-02  6.07E+04  4.08E-14     73.19 EN
      67    3   0  1.340E+02  2.00E+00  7.43E+07  6.09E-02  6.09E+04  4.10E-14    118.85 EN
      68    3   0  1.360E+02  2.00E+00  7.44E+07  6.11E-02  6.12E+04  4.12E-14    143.14 EN
      69    3   0  1.380E+02  2.00E+00  7.45E+07  6.12E-02  6.14E+04  4.14E-14    147.36 EN
      70    3   0  1.400E+02  2.00E+00  7.47E+07  6.14E-02  6.16E+04  4.16E-14    151.53 EN
      71    3   0  1.420E+02  2.00E+00  7.48E+07  6.15E-02  6.18E+04  4.18E-14    156.04 EN
      72    3   0  1.440E+02  2.00E+00  7.49E+07  6.16E-02  6.21E+04  4.20E-14    160.77 EN
      73    3   0  1.460E+02  2.00E+00  7.50E+07  6.18E-02  6.23E+04  4.22E-14    164.66 EN
      74    3   0  1.480E+02  2.00E+00  7.52E+07  6.19E-02  6.25E+04  4.24E-14    168.64 EN
      75    3   0  1.500E+02  2.00E+00  7.53E+07  6.20E-02  6.27E+04  4.26E-14    172.26 EN
      76    3   0  1.520E+02  2.00E+00  7.54E+07  6.21E-02  6.30E+04  4.27E-14    176.56 EN
      77    3   0  1.540E+02  2.00E+00  7.55E+07  6.22E-02  6.32E+04  4.29E-14    180.79 EN
      78    3   0  1.560E+02  2.00E+00  7.57E+07  6.23E-02  6.34E+04  4.31E-14    185.03 EN
      79    3   0  1.580E+02  2.00E+00  7.58E+07  6.24E-02  6.37E+04  4.32E-14    189.76 EN
      80    3   0  1.600E+02  2.00E+00  7.59E+07  6.25E-02  6.39E+04  4.33E-14    193.82 EN
      81    3   0  1.620E+02  2.00E+00  7.60E+07  6.26E-02  6.41E+04  4.35E-14    198.67 EN
      82    3   0  1.640E+02  2.00E+00  7.61E+07  6.27E-02  6.44E+04  4.36E-14    202.61 EN
      83    3   0  1.660E+02  2.00E+00  7.63E+07  6.28E-02  6.46E+04  4.37E-14    207.37 EN
      84    3   0  1.680E+02  2.00E+00  7.64E+07  6.28E-02  6.48E+04  4.38E-14    211.97 EN
      85    3   0  1.700E+02  2.00E+00  7.65E+07  6.29E-02  6.51E+04  4.39E-14    215.79 EN
      86    3   0  1.720E+02  2.00E+00  7.66E+07  6.29E-02  6.53E+04  4.40E-14    220.15 EN
      87    3   0  1.740E+02  2.00E+00  7.68E+07  6.30E-02  6.55E+04  4.41E-14    224.30 EN
      88    3   0  1.760E+02  2.00E+00  7.69E+07  6.30E-02  6.58E+04  4.42E-14    229.03 EN
      89    3   0  1.780E+02  2.00E+00  7.70E+07  6.31E-02  6.60E+04  4.43E-14    233.96 EN
      90    3   0  1.800E+02  2.00E+00  7.71E+07  6.31E-02  6.62E+04  4.43E-14    238.05 EN
      91    3   0  1.820E+02  2.00E+00  7.73E+07  6.31E-02  6.65E+04  4.44E-14    242.88 EN
      92    3   0  1.840E+02  2.00E+00  7.74E+07  6.32E-02  6.67E+04  4.45E-14    247.22 EN
      93    3   0  1.860E+02  2.00E+00  7.75E+07  6.32E-02  6.69E+04  4.45E-14    251.80 EN
      94    3   0  1.880E+02  2.00E+00  7.76E+07  6.32E-02  6.72E+04  4.45E-14    256.10 EN
      95    3   0  1.900E+02  2.00E+00  7.77E+07  6.32E-02  6.74E+04  4.46E-14    260.05 EN
      96    3   0  1.920E+02  2.00E+00  7.79E+07  6.32E-02  6.77E+04  4.46E-14    264.11 EN
      97    3   0  1.940E+02  2.00E+00  7.80E+07  6.32E-02  6.79E+04  4.46E-14    268.28 ER
      98    3   0  1.960E+02  2.00E+00  7.81E+07  6.32E-02  6.81E+04  4.46E-14    272.49 ER
      99    3   0  1.980E+02  2.00E+00  7.82E+07  6.32E-02  6.84E+04  4.46E-14    276.42 ER
     100    3   0  2.000E+02  2.00E+00  7.84E+07  6.31E-02  6.86E+04  4.46E-14    281.22 ER
     101    3   0  2.020E+02  2.00E+00  7.85E+07  6.31E-02  6.89E+04  4.46E-14    285.60 ER
     102    3   0  2.040E+02  2.00E+00  7.86E+07  6.31E-02  6.91E+04  4.45E-14    289.63 ER
     103    3   0  2.060E+02  2.00E+00  7.87E+07  6.30E-02  6.93E+04  4.44E-14    293.94 ER
     104    3   0  2.080E+02  2.00E+00  7.88E+07  6.30E-02  6.96E+04  4.44E-14    298.28 ER
     105    3   0  2.100E+02  2.00E+00  7.90E+07  6.29E-02  6.98E+04  4.43E-14    301.97 ER
     106    3   0  2.120E+02  2.00E+00  7.91E+07  6.29E-02  7.01E+04  4.43E-14    306.09 ER
     107    3   0  2.140E+02  2.00E+00  7.92E+07  6.28E-02  7.03E+04  4.42E-14    310.10 ER
     108    3   0  2.160E+02  2.00E+00  7.93E+07  6.27E-02  7.06E+04  4.41E-14    315.08 ER
     109    3   0  2.180E+02  2.00E+00  7.95E+07  6.27E-02  7.08E+04  4.40E-14    319.73 ER
     110    3   0  2.200E+02  2.00E+00  7.96E+07  6.26E-02  7.10E+04  4.39E-14    324.34 ER
     111    3   0  2.220E+02  2.00E+00  7.97E+07  6.25E-02  7.13E+04  4.38E-14    328.82 ER
     112    3   0  2.240E+02  2.00E+00  7.98E+07  6.24E-02  7.15E+04  4.37E-14    332.98 ER
     113    3   0  2.260E+02  2.00E+00  7.99E+07  6.23E-02  7.18E+04  4.36E-14    337.18 ER
     114    3   0  2.280E+02  2.00E+00  8.01E+07  6.22E-02  7.20E+04  4.34E-14    341.21 ER
     115    3   0  2.300E+02  2.00E+00  8.02E+07  6.21E-02  7.23E+04  4.33E-14    345.30 ER
     116    3   0  2.320E+02  2.00E+00  8.03E+07  6.20E-02  7.25E+04  4.32E-14    349.46 ER
     117    3   0  2.340E+02  2.00E+00  8.04E+07  6.18E-02  7.28E+04  4.29E-14    353.79 ER
     118    3   0  2.360E+02  2.00E+00  8.05E+07  6.17E-02  7.30E+04  4.28E-14    357.98 ER
     119    3   0  2.380E+02  2.00E+00  8.07E+07  6.15E-02  7.32E+04  4.26E-14    362.19 ER
     120    3   0  2.400E+02  2.00E+00  8.08E+07  6.14E-02  7.35E+04  4.24E-14    366.58 ER
     121    3   0  2.420E+02  2.00E+00  8.09E+07  6.12E-02  7.37E+04  4.22E-14    370.63 ER
     122    3   0  2.440E+02  2.00E+00  8.10E+07  6.11E-02  7.40E+04  4.20E-14    374.21 ER
     123    3   0  2.460E+02  2.00E+00  8.11E+07  6.09E-02  7.42E+04  4.18E-14    377.45 ER
     124    3   0  2.480E+02  2.00E+00  8.13E+07  6.07E-02  7.45E+04  4.16E-14    381.66 ER
     125    3   0  2.500E+02  2.00E+00  8.14E+07  6.06E-02  7.47E+04  4.14E-14    385.87 ER
     126    3   0  2.520E+02  2.00E+00  8.15E+07  6.04E-02  7.50E+04  4.11E-14    390.16 ER
     127    3   0  2.540E+02  2.00E+00  8.16E+07  6.02E-02  7.52E+04  4.09E-14    394.21 ER
     128    3   0  2.560E+02  2.00E+00  8.17E+07  6.00E-02  7.55E+04  4.06E-14    397.99 ER
     129    3   0  2.580E+02  2.00E+00  8.18E+07  5.98E-02  7.57E+04  4.04E-14    402.26 ER
     130    3   0  2.600E+02  2.00E+00  8.20E+07  5.96E-02  7.59E+04  4.01E-14    405.96 ER
     131    3   0  2.620E+02  2.00E+00  8.21E+07  5.94E-02  7.62E+04  3.99E-14    409.62 ER
     132    3   0  2.640E+02  2.00E+00  8.22E+07  5.92E-02  7.64E+04  3.96E-14    413.97 ER
     133    3   0  2.660E+02  2.00E+00  8.23E+07  5.89E-02  7.67E+04  3.93E-14    417.78 ER
     134    3   0  2.680E+02  2.00E+00  8.24E+07  5.87E-02  7.69E+04  3.90E-14    421.79 ER
     135    3   0  2.700E+02  2.00E+00  8.25E+07  5.85E-02  7.72E+04  3.87E-14    425.80 ER
     136    3   0  2.720E+02  2.00E+00  8.27E+07  5.82E-02  7.74E+04  3.84E-14    430.17 ER
     137    3   0  2.740E+02  2.00E+00  8.28E+07  5.80E-02  7.77E+04  3.81E-14    434.41 ER
     138    3   0  2.760E+02  2.00E+00  8.29E+07  5.77E-02  7.79E+04  3.78E-14    438.12 ER
     139    3   0  2.780E+02  2.00E+00  8.30E+07  5.75E-02  7.82E+04  3.74E-14    441.97 ER
     140    3   0  2.800E+02  2.00E+00  8.31E+07  5.72E-02  7.84E+04  3.71E-14    446.31 ER
     141    3   0  2.820E+02  2.00E+00  8.32E+07  5.69E-02  7.86E+04  3.68E-14    450.21 ER
     142    3   0  2.840E+02  2.00E+00  8.33E+07  5.66E-02  7.89E+04  3.64E-14    454.60 ER
     143    3   0  2.860E+02  2.00E+00  8.35E+07  5.63E-02  7.91E+04  3.61E-14    459.47 ER
     144    3   0  2.880E+02  2.00E+00  8.36E+07  5.61E-02  7.94E+04  3.57E-14    463.46 ER
     145    3   0  2.900E+02  2.00E+00  8.37E+07  5.58E-02  7.96E+04  3.54E-14    467.66 ER
     146    3   0  2.920E+02  2.00E+00  8.38E+07  5.55E-02  7.99E+04  3.50E-14    471.53 ER
     147    3   0  2.940E+02  2.00E+00  8.39E+07  5.51E-02  8.01E+04  3.46E-14    475.86 ER
     148    3   0  2.960E+02  2.00E+00  8.40E+07  5.48E-02  8.04E+04  3.42E-14    479.79 ER
     149    3   0  2.980E+02  2.00E+00  8.41E+07  5.45E-02  8.06E+04  3.38E-14    483.81 ER
     150    3   0  3.000E+02  2.00E+00  8.42E+07  5.42E-02  8.08E+04  3.35E-14    487.33 ER
     151    3   0  3.020E+02  2.00E+00  8.43E+07  5.39E-02  8.11E+04  3.31E-14    491.11 ER
     152    3   0  3.040E+02  2.00E+00  8.45E+07  5.35E-02  8.13E+04  3.27E-14    495.25 ER
     153    3   0  3.060E+02  2.00E+00  8.46E+07  5.32E-02  8.16E+04  3.23E-14    499.35 ER
     154    3   0  3.080E+02  2.00E+00  8.47E+07  5.28E-02  8.18E+04  3.18E-14    503.61 ER
     155    3   0  3.100E+02  2.00E+00  8.48E+07  5.25E-02  8.21E+04  3.14E-14    507.57 ER
     156    3   0  3.120E+02  2.00E+00  8.49E+07  5.21E-02  8.23E+04  3.10E-14    511.86 ER
     157    3   0  3.140E+02  2.00E+00  8.50E+07  5.18E-02  8.25E+04  3.06E-14    516.09 ER
     158    3   0  3.160E+02  2.00E+00  8.51E+07  5.14E-02  8.28E+04  3.01E-14    520.22 ER
     159    3   0  3.180E+02  2.00E+00  8.52E+07  5.10E-02  8.30E+04  2.97E-14    524.31 ER
     160    3   0  3.200E+02  2.00E+00  8.53E+07  5.06E-02  8.32E+04  2.93E-14    528.28 ER
     161    3   0  3.220E+02  2.00E+00  8.54E+07  5.02E-02  8.35E+04  2.88E-14    532.65 ER
     162    3   0  3.240E+02  2.00E+00  8.55E+07  4.98E-02  8.37E+04  2.84E-14    536.54 ER
     163    3   0  3.260E+02  2.00E+00  8.56E+07  4.94E-02  8.40E+04  2.79E-14    540.62 ER
     164    3   0  3.280E+02  2.00E+00  8.57E+07  4.90E-02  8.42E+04  2.75E-14    544.90 ER
     165    3   0  3.300E+02  2.00E+00  8.58E+07  4.85E-02  8.44E+04  2.70E-14    549.04 ER
     166    3   0  3.320E+02  2.00E+00  8.60E+07  4.81E-02  8.47E+04  2.65E-14    553.09 ER
     167    3   0  3.340E+02  2.00E+00  8.61E+07  4.77E-02  8.49E+04  2.61E-14    557.24 ER
     168    3   0  3.360E+02  2.00E+00  8.62E+07  4.73E-02  8.51E+04  2.56E-14    561.86 ER
     169    3   0  3.380E+02  2.00E+00  8.63E+07  4.68E-02  8.54E+04  2.51E-14    565.76 ER
     170    3   0  3.400E+02  2.00E+00  8.64E+07  4.64E-02  8.56E+04  2.47E-14    570.11 ER
     171    3   0  3.420E+02  2.00E+00  8.65E+07  4.59E-02  8.58E+04  2.42E-14    573.86 ER
     172    3   0  3.440E+02  2.00E+00  8.66E+07  4.54E-02  8.61E+04  2.37E-14    578.14 ER
     173    3   0  3.460E+02  2.00E+00  8.67E+07  4.49E-02  8.63E+04  2.32E-14    581.79 ER
     174    3   0  3.480E+02  2.00E+00  8.68E+07  4.45E-02  8.65E+04  2.27E-14    586.11 ER
     175    3   0  3.500E+02  2.00E+00  8.69E+07  4.40E-02  8.68E+04  2.22E-14    589.69 ER
     176    3   0  3.520E+02  2.00E+00  8.70E+07  4.35E-02  8.70E+04  2.17E-14    593.48 ER
     177    3   0  3.540E+02  2.00E+00  8.71E+07  4.30E-02  8.72E+04  2.12E-14    597.67 ER
     178    3   0  3.560E+02  2.00E+00  8.72E+07  4.25E-02  8.74E+04  2.07E-14    602.11 ER
     179    3   0  3.580E+02  2.00E+00  8.73E+07  4.19E-02  8.77E+04  2.02E-14    606.98 ER
     180    3   0  3.600E+02  2.00E+00  8.74E+07  4.14E-02  8.79E+04  1.98E-14    611.35 ER
     181    3   0  3.620E+02  2.00E+00  8.74E+07  4.09E-02  8.81E+04  1.93E-14    615.59 ER
     182    3   0  3.640E+02  2.00E+00  8.75E+07  4.03E-02  8.83E+04  1.87E-14    619.88 ER
     183    3   0  3.660E+02  2.00E+00  8.76E+07  3.98E-02  8.85E+04  1.82E-14    624.12 ER
     184    3   0  3.680E+02  2.00E+00  8.77E+07  3.92E-02  8.88E+04  1.77E-14    628.15 ER
     185    3   0  3.700E+02  2.00E+00  8.78E+07  3.87E-02  8.90E+04  1.72E-14    633.03 ER
     186    3   0  3.720E+02  2.00E+00  8.79E+07  3.81E-02  8.92E+04  1.68E-14    637.04 ER
     187    3   0  3.740E+02  2.00E+00  8.80E+07  3.75E-02  8.94E+04  1.63E-14    641.25 ER
     188    3   0  3.760E+02  2.00E+00  8.81E+07  3.69E-02  8.96E+04  1.58E-14    645.17 ER
     189    3   0  3.780E+02  2.00E+00  8.82E+07  3.64E-02  8.98E+04  1.53E-14    649.54 ER
     190    3   0  3.800E+02  2.00E+00  8.83E+07  3.58E-02  9.00E+04  1.48E-14    653.70 ER
     191    3   0  3.820E+02  2.00E+00  8.84E+07  3.52E-02  9.03E+04  1.43E-14    658.32 ER
     192    3   0  3.840E+02  2.00E+00  8.84E+07  3.46E-02  9.05E+04  1.38E-14    663.59 ER
     193    3   0  3.860E+02  2.00E+00  8.85E+07  3.39E-02  9.07E+04  1.33E-14    668.23 ER
     194    3   0  3.880E+02  2.00E+00  8.86E+07  3.34E-02  9.09E+04  1.29E-14    672.67 ER
     195    3   0  3.900E+02  2.00E+00  8.87E+07  3.27E-02  9.11E+04  1.24E-14    676.67 ER
     196    3   0  3.920E+02  2.00E+00  8.88E+07  3.21E-02  9.13E+04  1.19E-14    680.51 ER
     197    3   0  3.940E+02  2.00E+00  8.89E+07  3.15E-02  9.15E+04  1.15E-14    685.03 ER
     198    3   0  3.960E+02  2.00E+00  8.89E+07  3.09E-02  9.17E+04  1.10E-14    689.36 ER
     199    3   0  3.980E+02  2.00E+00  8.90E+07  3.03E-02  9.19E+04  1.06E-14    693.57 ER
     200    3   0  4.000E+02  2.00E+00  8.91E+07  2.96E-02  9.21E+04  1.02E-14    697.80 ER
     201    3   0  4.020E+02  2.00E+00  8.92E+07  2.90E-02  9.23E+04  9.74E-15    702.19 ER
     202    3   0  4.040E+02  2.00E+00  8.93E+07  2.84E-02  9.25E+04  9.34E-15    706.71 ER
     203    3   0  4.060E+02  2.00E+00  8.93E+07  2.78E-02  9.27E+04  8.94E-15    711.27 ER
     204    3   0  4.080E+02  2.00E+00  8.94E+07  2.71E-02  9.28E+04  8.53E-15    715.26 ER
     205    3   0  4.100E+02  2.00E+00  8.95E+07  2.65E-02  9.30E+04  8.14E-15    719.43 ER
     206    3   0  4.120E+02  2.00E+00  8.95E+07  2.58E-02  9.32E+04  7.75E-15    723.26 ER
     207    3   0  4.140E+02  2.00E+00  8.96E+07  2.52E-02  9.34E+04  7.38E-15    727.29 ER
     208    3   0  4.160E+02  2.00E+00  8.97E+07  2.52E-02  9.36E+04  7.40E-15    732.11 ER
     209    3   0  4.180E+02  2.00E+00  8.96E+07  2.59E-02  9.34E+04  7.77E-15    736.09 ER
     210    3   0  4.200E+02  2.00E+00  8.95E+07  2.65E-02  9.32E+04  8.15E-15    740.01 ER
     211    3   0  4.220E+02  2.00E+00  8.95E+07  2.71E-02  9.30E+04  8.54E-15    744.17 ER
     212    3   0  4.240E+02  2.00E+00  8.94E+07  2.77E-02  9.28E+04  8.93E-15    748.09 ER
     213    3   0  4.260E+02  2.00E+00  8.93E+07  2.84E-02  9.27E+04  9.33E-15    752.27 ER
     214    3   0  4.280E+02  2.00E+00  8.93E+07  2.90E-02  9.25E+04  9.75E-15    756.30 ER
     215    3   0  4.300E+02  2.00E+00  8.92E+07  2.96E-02  9.23E+04  1.02E-14    760.43 ER
     216    3   0  4.320E+02  2.00E+00  8.91E+07  3.03E-02  9.21E+04  1.06E-14    764.09 ER
     217    3   0  4.340E+02  2.00E+00  8.90E+07  3.09E-02  9.19E+04  1.11E-14    768.23 ER
     218    3   0  4.360E+02  2.00E+00  8.89E+07  3.15E-02  9.17E+04  1.15E-14    772.78 ER
     219    3   0  4.380E+02  2.00E+00  8.89E+07  3.21E-02  9.15E+04  1.19E-14    776.75 ER
     220    3   0  4.400E+02  2.00E+00  8.88E+07  3.27E-02  9.13E+04  1.24E-14    781.04 ER
     221    3   0  4.420E+02  2.00E+00  8.87E+07  3.33E-02  9.11E+04  1.28E-14    785.18 ER
     222    3   0  4.440E+02  2.00E+00  8.86E+07  3.39E-02  9.09E+04  1.33E-14    788.83 ER
     223    3   0  4.460E+02  2.00E+00  8.85E+07  3.45E-02  9.07E+04  1.38E-14    793.62 ER
     224    3   0  4.480E+02  2.00E+00  8.84E+07  3.52E-02  9.05E+04  1.43E-14    798.09 ER
     225    3   0  4.500E+02  2.00E+00  8.84E+07  3.58E-02  9.03E+04  1.48E-14    803.22 ER
     226    3   0  4.520E+02  2.00E+00  8.83E+07  3.63E-02  9.00E+04  1.52E-14    807.42 ER
     227    3   0  4.540E+02  2.00E+00  8.82E+07  3.69E-02  8.98E+04  1.57E-14    811.88 ER
     228    3   0  4.560E+02  2.00E+00  8.81E+07  3.75E-02  8.96E+04  1.62E-14    816.26 ER
     229    3   0  4.580E+02  2.00E+00  8.80E+07  3.81E-02  8.94E+04  1.67E-14    820.66 ER
     230    3   0  4.600E+02  2.00E+00  8.79E+07  3.86E-02  8.92E+04  1.72E-14    824.95 ER
     231    3   0  4.620E+02  2.00E+00  8.78E+07  3.92E-02  8.90E+04  1.77E-14    829.12 ER
     232    3   0  4.640E+02  2.00E+00  8.77E+07  3.97E-02  8.88E+04  1.82E-14    833.13 ER
     233    3   0  4.660E+02  2.00E+00  8.76E+07  4.03E-02  8.85E+04  1.87E-14    837.25 ER
     234    3   0  4.680E+02  2.00E+00  8.75E+07  4.08E-02  8.83E+04  1.92E-14    841.37 ER
     235    3   0  4.700E+02  2.00E+00  8.74E+07  4.14E-02  8.81E+04  1.97E-14    844.96 ER
     236    3   0  4.720E+02  2.00E+00  8.74E+07  4.19E-02  8.79E+04  2.02E-14    848.86 ER
     237    3   0  4.740E+02  2.00E+00  8.73E+07  4.24E-02  8.77E+04  2.07E-14    853.12 ER
     238    3   0  4.760E+02  2.00E+00  8.72E+07  4.29E-02  8.74E+04  2.12E-14    857.07 ER
     239    3   0  4.780E+02  2.00E+00  8.71E+07  4.34E-02  8.72E+04  2.17E-14    860.92 ER
     240    3   0  4.800E+02  2.00E+00  8.70E+07  4.39E-02  8.70E+04  2.22E-14    864.56 ER
     241    3   0  4.820E+02  2.00E+00  8.69E+07  4.44E-02  8.68E+04  2.27E-14    869.09 ER
     242    3   0  4.840E+02  2.00E+00  8.68E+07  4.49E-02  8.65E+04  2.32E-14    873.41 ER
     243    3   0  4.860E+02  2.00E+00  8.67E+07  4.54E-02  8.63E+04  2.37E-14    877.78 ER
     244    3   0  4.880E+02  2.00E+00  8.66E+07  4.58E-02  8.61E+04  2.41E-14    881.84 ER
     245    3   0  4.900E+02  2.00E+00  8.65E+07  4.63E-02  8.58E+04  2.46E-14    886.15 ER
     246    3   0  4.920E+02  2.00E+00  8.64E+07  4.68E-02  8.56E+04  2.51E-14    890.23 ER
     247    3   0  4.940E+02  2.00E+00  8.63E+07  4.72E-02  8.54E+04  2.56E-14    894.31 ER
     248    3   0  4.960E+02  2.00E+00  8.62E+07  4.77E-02  8.51E+04  2.60E-14    898.67 ER
     249    3   0  4.980E+02  2.00E+00  8.61E+07  4.81E-02  8.49E+04  2.65E-14    902.96 ER
     250    3   0  5.000E+02  2.00E+00  8.60E+07  4.85E-02  8.47E+04  2.70E-14    906.75 ER
     251    3   0  5.020E+02  2.00E+00  8.58E+07  4.90E-02  8.44E+04  2.74E-14    910.71 ER
     252    3   0  5.040E+02  2.00E+00  8.57E+07  4.94E-02  8.42E+04  2.79E-14    914.52 ER
     253    3   0  5.060E+02  2.00E+00  8.56E+07  4.98E-02  8.40E+04  2.83E-14    918.29 ER
     254    3   0  5.080E+02  2.00E+00  8.55E+07  5.02E-02  8.37E+04  2.88E-14    922.08 ER
     255    3   0  5.100E+02  2.00E+00  8.54E+07  5.06E-02  8.35E+04  2.92E-14    926.02 ER
     256    3   0  5.120E+02  2.00E+00  8.53E+07  5.10E-02  8.32E+04  2.97E-14    929.80 ER
     257    3   0  5.140E+02  2.00E+00  8.52E+07  5.13E-02  8.30E+04  3.01E-14    933.91 ER
     258    3   0  5.160E+02  2.00E+00  8.51E+07  5.17E-02  8.28E+04  3.05E-14    937.73 ER
     259    3   0  5.180E+02  2.00E+00  8.50E+07  5.21E-02  8.25E+04  3.09E-14    941.54 ER
     260    3   0  5.200E+02  2.00E+00  8.49E+07  5.25E-02  8.23E+04  3.14E-14    945.61 ER
     261    3   0  5.220E+02  2.00E+00  8.48E+07  5.28E-02  8.21E+04  3.18E-14    949.37 ER
     262    3   0  5.240E+02  2.00E+00  8.47E+07  5.31E-02  8.18E+04  3.22E-14    953.50 ER
     263    3   0  5.260E+02  2.00E+00  8.46E+07  5.35E-02  8.16E+04  3.26E-14    958.27 ER
     264    3   0  5.280E+02  2.00E+00  8.45E+07  5.38E-02  8.13E+04  3.30E-14    962.71 ER
     265    3   0  5.300E+02  2.00E+00  8.43E+07  5.42E-02  8.11E+04  3.34E-14    966.69 ER
     266    3   0  5.320E+02  2.00E+00  8.42E+07  5.45E-02  8.08E+04  3.38E-14    970.99 ER
     267    3   0  5.340E+02  2.00E+00  8.41E+07  5.48E-02  8.06E+04  3.42E-14    975.30 ER
     268    3   0  5.360E+02  2.00E+00  8.40E+07  5.51E-02  8.04E+04  3.46E-14    979.86 ER
     269    3   0  5.380E+02  2.00E+00  8.39E+07  5.54E-02  8.01E+04  3.49E-14    984.37 ER
     270    3   0  5.400E+02  2.00E+00  8.38E+07  5.57E-02  7.99E+04  3.53E-14    989.12 ER
     271    3   0  5.420E+02  2.00E+00  8.37E+07  5.60E-02  7.96E+04  3.57E-14    993.74 ER
     272    3   0  5.440E+02  2.00E+00  8.36E+07  5.63E-02  7.94E+04  3.60E-14    997.55 ER
     273    3   0  5.460E+02  2.00E+00  8.35E+07  5.66E-02  7.91E+04  3.64E-14   1002.06 ER
     274    3   0  5.480E+02  2.00E+00  8.33E+07  5.69E-02  7.89E+04  3.67E-14   1006.33 ER
     275    3   0  5.500E+02  2.00E+00  8.32E+07  5.72E-02  7.86E+04  3.71E-14   1010.38 ER
     276    3   0  5.520E+02  2.00E+00  8.31E+07  5.74E-02  7.84E+04  3.74E-14   1014.36 ER
     277    3   0  5.540E+02  2.00E+00  8.30E+07  5.77E-02  7.82E+04  3.77E-14   1018.15 ER
     278    3   0  5.560E+02  2.00E+00  8.29E+07  5.80E-02  7.79E+04  3.81E-14   1022.04 ER
     279    3   0  5.580E+02  2.00E+00  8.28E+07  5.82E-02  7.77E+04  3.84E-14   1026.16 ER
     280    3   0  5.600E+02  2.00E+00  8.27E+07  5.85E-02  7.74E+04  3.87E-14   1030.31 ER
     281    3   0  5.620E+02  2.00E+00  8.25E+07  5.87E-02  7.72E+04  3.90E-14   1034.69 ER
     282    3   0  5.640E+02  2.00E+00  8.24E+07  5.89E-02  7.69E+04  3.93E-14   1038.54 ER
     283    3   0  5.660E+02  2.00E+00  8.23E+07  5.91E-02  7.67E+04  3.95E-14   1042.75 ER
     284    3   0  5.680E+02  2.00E+00  8.22E+07  5.94E-02  7.64E+04  3.99E-14   1046.73 ER
     285    3   0  5.700E+02  2.00E+00  8.21E+07  5.96E-02  7.62E+04  4.01E-14   1051.22 ER
     286    3   0  5.720E+02  2.00E+00  8.20E+07  5.98E-02  7.59E+04  4.04E-14   1055.11 ER
     287    3   0  5.740E+02  2.00E+00  8.18E+07  6.00E-02  7.57E+04  4.06E-14   1059.25 ER
     288    3   0  5.760E+02  2.00E+00  8.17E+07  6.02E-02  7.55E+04  4.09E-14   1063.33 ER
     289    3   0  5.780E+02  2.00E+00  8.16E+07  6.04E-02  7.52E+04  4.12E-14   1067.75 ER
     290    3   0  5.800E+02  2.00E+00  8.15E+07  6.06E-02  7.50E+04  4.14E-14   1071.49 ER
     291    3   0  5.820E+02  2.00E+00  8.14E+07  6.07E-02  7.47E+04  4.16E-14   1075.55 ER
     292    3   0  5.840E+02  2.00E+00  8.13E+07  6.09E-02  7.45E+04  4.18E-14   1079.48 ER
     293    3   0  5.860E+02  2.00E+00  8.11E+07  6.11E-02  7.42E+04  4.21E-14   1083.72 ER
     294    3   0  5.880E+02  2.00E+00  8.10E+07  6.12E-02  7.40E+04  4.23E-14   1088.04 ER
     295    3   0  5.900E+02  2.00E+00  8.09E+07  6.14E-02  7.37E+04  4.24E-14   1092.13 ER
     296    3   0  5.920E+02  2.00E+00  8.08E+07  6.15E-02  7.35E+04  4.26E-14   1097.17 ER
     297    3   0  5.940E+02  2.00E+00  8.07E+07  6.17E-02  7.32E+04  4.28E-14   1101.49 ER
     298    3   0  5.960E+02  2.00E+00  8.05E+07  6.18E-02  7.30E+04  4.30E-14   1105.66 ER
     299    3   0  5.980E+02  2.00E+00  8.04E+07  6.20E-02  7.28E+04  4.32E-14   1109.31 ER
     300    3   0  6.000E+02  2.00E+00  8.03E+07  6.21E-02  7.25E+04  4.33E-14   1113.43 ER
     301    3   0  6.020E+02  2.00E+00  8.02E+07  6.22E-02  7.23E+04  4.34E-14   1117.56 ER
     302    3   0  6.040E+02  2.00E+00  8.01E+07  6.23E-02  7.20E+04  4.36E-14   1121.68 ER
     303    3   0  6.060E+02  2.00E+00  7.99E+07  6.24E-02  7.18E+04  4.37E-14   1125.55 ER
     304    3   0  6.080E+02  2.00E+00  7.98E+07  6.25E-02  7.15E+04  4.38E-14   1129.84 ER
     305    3   0  6.100E+02  2.00E+00  7.97E+07  6.26E-02  7.13E+04  4.40E-14   1134.28 ER
     306    3   0  6.120E+02  2.00E+00  7.96E+07  6.27E-02  7.10E+04  4.41E-14   1138.59 ER
     307    3   0  6.140E+02  2.00E+00  7.95E+07  6.28E-02  7.08E+04  4.41E-14   1142.82 ER
     308    3   0  6.160E+02  2.00E+00  7.93E+07  6.29E-02  7.06E+04  4.43E-14   1146.75 ER
     309    3   0  6.180E+02  2.00E+00  7.92E+07  6.29E-02  7.03E+04  4.43E-14   1150.80 ER
     310    3   0  6.200E+02  2.00E+00  7.91E+07  6.30E-02  7.01E+04  4.44E-14   1154.49 ER
     311    3   0  6.220E+02  2.00E+00  7.90E+07  6.30E-02  6.98E+04  4.45E-14   1158.90 ER
     312    3   0  6.240E+02  2.00E+00  7.88E+07  6.31E-02  6.96E+04  4.45E-14   1163.53 ER
     313    3   0  6.260E+02  2.00E+00  7.87E+07  6.31E-02  6.93E+04  4.45E-14   1167.49 ER
     314    3   0  6.280E+02  2.00E+00  7.86E+07  6.32E-02  6.91E+04  4.46E-14   1171.58 ER
     315    3   0  6.300E+02  2.00E+00  7.85E+07  6.32E-02  6.89E+04  4.46E-14   1175.54 ER
     316    3   0  6.320E+02  2.00E+00  7.84E+07  6.32E-02  6.86E+04  4.46E-14   1179.84 ER
     317    3   0  6.340E+02  2.00E+00  7.82E+07  6.32E-02  6.84E+04  4.46E-14   1184.28 ER
     318    3   0  6.360E+02  2.00E+00  7.81E+07  6.33E-02  6.81E+04  4.47E-14   1188.66 EN
     319    3   0  6.380E+02  2.00E+00  7.80E+07  6.33E-02  6.79E+04  4.46E-14   1192.96 EN
     320    3   0  6.400E+02  2.00E+00  7.79E+07  6.33E-02  6.77E+04  4.46E-14   1197.26 EN
     321    3   0  6.420E+02  2.00E+00  7.77E+07  6.33E-02  6.74E+04  4.46E-14   1201.62 EN
     322    3   0  6.440E+02  2.00E+00  7.76E+07  6.33E-02  6.72E+04  4.46E-14   1205.37 EN
     323    3   0  6.460E+02  2.00E+00  7.75E+07  6.32E-02  6.69E+04  4.45E-14   1209.40 EN
     324    3   0  6.480E+02  2.00E+00  7.74E+07  6.32E-02  6.67E+04  4.45E-14   1213.10 EN
     325    3   0  6.500E+02  2.00E+00  7.73E+07  6.32E-02  6.65E+04  4.45E-14   1217.14 EN
     326    3   0  6.520E+02  2.00E+00  7.71E+07  6.32E-02  6.62E+04  4.44E-14   1221.39 EN
     327    3   0  6.540E+02  2.00E+00  7.70E+07  6.31E-02  6.60E+04  4.43E-14   1225.86 EN
     328    3   0  6.560E+02  2.00E+00  7.69E+07  6.31E-02  6.58E+04  4.42E-14   1230.09 EN
     329    3   0  6.580E+02  2.00E+00  7.68E+07  6.30E-02  6.55E+04  4.41E-14   1234.34 EN
     330    3   0  6.600E+02  2.00E+00  7.66E+07  6.30E-02  6.53E+04  4.40E-14   1238.26 EN
     331    3   0  6.620E+02  2.00E+00  7.65E+07  6.29E-02  6.51E+04  4.39E-14   1242.29 EN
     332    3   0  6.640E+02  2.00E+00  7.64E+07  6.29E-02  6.48E+04  4.38E-14   1246.53 EN
     333    3   0  6.660E+02  2.00E+00  7.63E+07  6.28E-02  6.46E+04  4.37E-14   1250.66 EN
     334    3   0  6.680E+02  2.00E+00  7.61E+07  6.27E-02  6.44E+04  4.36E-14   1254.85 EN
     335    3   0  6.700E+02  2.00E+00  7.60E+07  6.26E-02  6.41E+04  4.34E-14   1258.81 EN
     336    3   0  6.720E+02  2.00E+00  7.59E+07  6.25E-02  6.39E+04  4.33E-14   1263.14 EN
     337    3   0  6.740E+02  2.00E+00  7.58E+07  6.24E-02  6.37E+04  4.32E-14   1267.14 EN
     338    3   0  6.760E+02  2.00E+00  7.57E+07  6.23E-02  6.34E+04  4.30E-14   1271.76 EN
     339    3   0  6.780E+02  2.00E+00  7.55E+07  6.22E-02  6.32E+04  4.28E-14   1276.15 EN
     340    3   0  6.800E+02  2.00E+00  7.54E+07  6.21E-02  6.30E+04  4.26E-14   1279.85 EN
     341    3   0  6.820E+02  2.00E+00  7.53E+07  6.20E-02  6.27E+04  4.25E-14   1284.04 EN
     342    3   0  6.840E+02  2.00E+00  7.52E+07  6.19E-02  6.25E+04  4.23E-14   1287.94 EN
     343    3   0  6.860E+02  2.00E+00  7.50E+07  6.18E-02  6.23E+04  4.22E-14   1292.45 EN
     344    3   0  6.880E+02  2.00E+00  7.49E+07  6.16E-02  6.21E+04  4.19E-14   1296.76 EN
     345    3   0  6.900E+02  2.00E+00  7.48E+07  6.15E-02  6.18E+04  4.17E-14   1300.32 EN
     346    3   0  6.920E+02  2.00E+00  7.47E+07  6.13E-02  6.16E+04  4.15E-14   1304.31 EN
     347    3   0  6.940E+02  2.00E+00  7.45E+07  6.12E-02  6.14E+04  4.13E-14   1348.46 EN
     348    3   0  6.960E+02  2.00E+00  7.44E+07  6.10E-02  6.12E+04  4.11E-14   1372.17 EN
     349    3   0  6.980E+02  2.00E+00  7.43E+07  6.09E-02  6.09E+04  4.09E-14   1376.95 EN
     350    3   0  7.000E+02  2.00E+00  7.42E+07  6.07E-02  6.07E+04  4.06E-14   1381.44 EN
     351    3   0  7.020E+02  2.00E+00  7.41E+07  6.05E-02  6.05E+04  4.04E-14   1385.71 EN
     352    3   0  7.040E+02  2.00E+00  7.39E+07  6.04E-02  6.03E+04  4.02E-14   1389.63 EN
     353    3   0  7.060E+02  2.00E+00  7.38E+07  6.02E-02  6.00E+04  3.99E-14   1393.80 EN
     354    3   0  7.080E+02  2.00E+00  7.37E+07  6.00E-02  5.98E+04  3.97E-14   1395.96 EN
     355    3   0  7.100E+02  2.00E+00  7.36E+07  5.99E-02  5.96E+04  3.94E-14   1396.72 EN
     356    3   0  7.120E+02  2.00E+00  7.34E+07  5.97E-02  5.94E+04  3.92E-14   1397.47 EN
     357    3   0  7.140E+02  2.00E+00  7.33E+07  5.95E-02  5.92E+04  3.89E-14   1398.28 EN
     358    3   0  7.160E+02  2.00E+00  7.32E+07  5.93E-02  5.89E+04  3.86E-14   1398.95 EN
     359    3   0  7.180E+02  2.00E+00  7.31E+07  5.91E-02  5.87E+04  3.84E-14   1399.75 EN
     360    3   0  7.200E+02  2.00E+00  7.30E+07  5.89E-02  5.85E+04  3.81E-14   1400.49 EN
     361    3   0  7.220E+02  2.00E+00  7.28E+07  5.87E-02  5.83E+04  3.78E-14   1401.29 EN
     362    3   0  7.240E+02  2.00E+00  7.27E+07  5.85E-02  5.81E+04  3.75E-14   1402.05 EN
     363    3   0  7.260E+02  2.00E+00  7.26E+07  5.82E-02  5.79E+04  3.72E-14   1402.76 EN
     364    3   0  7.280E+02  2.00E+00  7.25E+07  5.80E-02  5.77E+04  3.69E-14   1403.48 EN
     365    3   0  7.300E+02  2.00E+00  7.23E+07  5.78E-02  5.74E+04  3.66E-14   1404.23 EN
     366    3   0  7.320E+02  2.00E+00  7.22E+07  5.76E-02  5.72E+04  3.63E-14   1404.96 EN
     367    3   0  7.340E+02  2.00E+00  7.21E+07  5.73E-02  5.70E+04  3.60E-14   1405.74 EN
     368    3   0  7.360E+02  2.00E+00  7.20E+07  5.71E-02  5.68E+04  3.57E-14   1406.41 EN
     369    3   0  7.380E+02  2.00E+00  7.19E+07  5.69E-02  5.66E+04  3.54E-14   1407.13 EN
     370    3   0  7.400E+02  2.00E+00  7.17E+07  5.66E-02  5.64E+04  3.51E-14   1407.85 EN
     371    3   0  7.420E+02  2.00E+00  7.16E+07  5.64E-02  5.62E+04  3.48E-14   1408.52 EN
     372    3   0  7.440E+02  2.00E+00  7.15E+07  5.61E-02  5.60E+04  3.44E-14   1409.21 EN
     373    3   0  7.460E+02  2.00E+00  7.14E+07  5.59E-02  5.58E+04  3.41E-14   1409.89 EN
     374    3   0  7.480E+02  2.00E+00  7.13E+07  5.56E-02  5.56E+04  3.38E-14   1410.60 EN
     375    3   0  7.500E+02  2.00E+00  7.11E+07  5.53E-02  5.54E+04  3.35E-14   1411.37 EN
     376    3   0  7.520E+02  2.00E+00  7.10E+07  5.51E-02  5.52E+04  3.32E-14   1412.11 EN
     377    3   0  7.540E+02  2.00E+00  7.09E+07  5.48E-02  5.50E+04  3.28E-14   1412.82 EN
     378    3   0  7.560E+02  2.00E+00  7.08E+07  5.46E-02  5.47E+04  3.25E-14   1413.51 EN
     379    3   0  7.580E+02  2.00E+00  7.07E+07  5.43E-02  5.45E+04  3.22E-14   1414.23 EN
     380    3   0  7.600E+02  2.00E+00  7.06E+07  5.40E-02  5.43E+04  3.18E-14   1414.98 EN
     381    3   0  7.620E+02  2.00E+00  7.04E+07  5.37E-02  5.41E+04  3.15E-14   1415.68 EN
     382    3   0  7.640E+02  2.00E+00  7.03E+07  5.34E-02  5.39E+04  3.11E-14   1416.39 EN
     383    3   0  7.660E+02  2.00E+00  7.02E+07  5.32E-02  5.37E+04  3.08E-14   1417.05 EN
     384    3   0  7.680E+02  2.00E+00  7.01E+07  5.29E-02  5.36E+04  3.05E-14   1417.70 EN
     385    3   0  7.700E+02  2.00E+00  7.00E+07  5.26E-02  5.34E+04  3.01E-14   1418.39 EN
     386    3   0  7.720E+02  2.00E+00  6.98E+07  5.23E-02  5.32E+04  2.98E-14   1419.06 EN
     387    3   0  7.740E+02  2.00E+00  6.97E+07  5.20E-02  5.30E+04  2.94E-14   1419.71 EN
     388    3   0  7.760E+02  2.00E+00  6.96E+07  5.17E-02  5.28E+04  2.91E-14   1420.37 EN
     389    3   0  7.780E+02  2.00E+00  6.95E+07  5.14E-02  5.26E+04  2.87E-14   1421.09 EN
     390    3   0  7.800E+02  2.00E+00  6.94E+07  5.11E-02  5.24E+04  2.84E-14   1421.81 EN
     391    3   0  7.820E+02  2.00E+00  6.93E+07  5.08E-02  5.22E+04  2.81E-14   1422.48 EN
     392    3   0  7.840E+02  2.00E+00  6.91E+07  5.05E-02  5.20E+04  2.77E-14   1423.17 EN
     393    3   0  7.860E+02  2.00E+00  6.90E+07  5.02E-02  5.18E+04  2.73E-14   1423.90 EN
     394    3   0  7.880E+02  2.00E+00  6.89E+07  4.99E-02  5.16E+04  2.70E-14   1424.59 EN
     395    3   0  7.900E+02  2.00E+00  6.88E+07  4.95E-02  5.14E+04  2.67E-14   1425.44 EN
     396    3   0  7.920E+02  2.00E+00  6.87E+07  4.92E-02  5.12E+04  2.63E-14   1426.17 EN
     397    3   0  7.940E+02  2.00E+00  6.86E+07  4.89E-02  5.11E+04  2.60E-14   1426.89 EN
     398    3   0  7.960E+02  2.00E+00  6.85E+07  4.86E-02  5.09E+04  2.56E-14   1427.47 EN
     399    3   0  7.980E+02  2.00E+00  6.83E+07  4.83E-02  5.07E+04  2.53E-14   1428.12 EN
     400    3   0  8.000E+02  2.00E+00  6.82E+07  4.80E-02  5.05E+04  2.49E-14   1428.72 EN
     401    3   0  8.020E+02  2.00E+00  6.81E+07  4.77E-02  5.03E+04  2.46E-14   1429.29 EN
     402    3   0  8.040E+02  2.00E+00  6.80E+07  4.73E-02  5.01E+04  2.42E-14   1429.89 EN
     403    3   0  8.060E+02  2.00E+00  6.79E+07  4.70E-02  5.00E+04  2.39E-14   1430.54 EN
     404    3   0  8.080E+02  2.00E+00  6.78E+07  4.67E-02  4.98E+04  2.36E-14   1431.19 EN
     405    3   0  8.100E+02  2.00E+00  6.77E+07  4.63E-02  4.96E+04  2.32E-14   1431.92 EN
     406    3   0  8.120E+02  2.00E+00  6.75E+07  4.60E-02  4.94E+04  2.29E-14   1432.61 EN
     407    3   0  8.140E+02  2.00E+00  6.74E+07  4.57E-02  4.92E+04  2.26E-14   1433.33 EN
     408    3   0  8.160E+02  2.00E+00  6.73E+07  4.53E-02  4.91E+04  2.22E-14   1434.01 EN
     409    3   0  8.180E+02  2.00E+00  6.72E+07  4.50E-02  4.89E+04  2.19E-14   1434.62 EN
     410    3   0  8.200E+02  2.00E+00  6.71E+07  4.47E-02  4.87E+04  2.16E-14   1435.35 EN
     411    3   0  8.220E+02  2.00E+00  6.70E+07  4.43E-02  4.85E+04  2.12E-14   1436.09 EN
     412    3   0  8.240E+02  2.00E+00  6.69E+07  4.40E-02  4.84E+04  2.09E-14   1436.73 EN
     413    3   0  8.260E+02  2.00E+00  6.68E+07  4.36E-02  4.82E+04  2.06E-14   1437.44 EN
