
  --------------------------------- START OF FEAP LOG ----------------------------------

  INPUT FILE NAME: Isi_p1_m                                                                                                                        

  MESH INPUT RECORDS
  ------------------
     KIMSetup                       
     mate            1              
     param                          
     block                          
     eboun                          
     cboun                          
     param                          
     edisp                          
     end                            

  --------------------------------- END OF MESH INPUTS ---------------------------------

  CONVERGENCE LABELS
  ----------------
    UN = Unconverged
    LI = Linear Problem: No Test
    ER = Energy & Residual Converged
    EN = Energy Converged
    RN = Residual Converged
    ET = Energy Converged to Zero Tolerance
    RT = Residual Converged to Tolerance

  SOLUTION SUMMARY
  ----------------
    Load  Total     Solution      Time     Residual Norm        Energy Norm     CPU Time Cn
    Step Tang+Form      Time      Incr.  Initial     Final   Initial     Final (Seconds)
  -----------------------------------------------------------------------------------------
       1    3   0  2.000E+00  2.00E+00  5.51E+08  3.18E+00  1.64E+06  5.46E-11      0.13 EN
       2    3   0  4.000E+00  2.00E+00  5.53E+08  3.23E+00  1.65E+06  5.64E-11      0.55 EN
       3    3   0  6.000E+00  2.00E+00  5.55E+08  3.28E+00  1.66E+06  5.83E-11      0.60 EN
       4    3   0  8.000E+00  2.00E+00  5.57E+08  3.33E+00  1.68E+06  6.01E-11      0.65 EN
       5    3   0  1.000E+01  2.00E+00  5.59E+08  3.38E+00  1.69E+06  6.20E-11      0.69 EN
       6    3   0  1.200E+01  2.00E+00  5.61E+08  3.43E+00  1.70E+06  6.39E-11      0.74 EN
       7    3   0  1.400E+01  2.00E+00  5.62E+08  3.48E+00  1.72E+06  6.58E-11      0.78 EN
       8    3   0  1.600E+01  2.00E+00  5.64E+08  3.53E+00  1.73E+06  6.77E-11      0.83 EN
       9    3   0  1.800E+01  2.00E+00  5.66E+08  3.58E+00  1.74E+06  6.96E-11      0.87 EN
      10    3   0  2.000E+01  2.00E+00  5.68E+08  3.63E+00  1.75E+06  7.15E-11      0.92 EN
      11    3   0  2.200E+01  2.00E+00  5.70E+08  3.68E+00  1.77E+06  7.35E-11      0.97 EN
      12    3   0  2.400E+01  2.00E+00  5.72E+08  3.72E+00  1.78E+06  7.54E-11      1.02 EN
      13    3   0  2.600E+01  2.00E+00  5.74E+08  3.77E+00  1.79E+06  7.73E-11      1.07 EN
      14    3   0  2.800E+01  2.00E+00  5.76E+08  3.81E+00  1.81E+06  7.92E-11      1.12 EN
      15    3   0  3.000E+01  2.00E+00  5.78E+08  3.86E+00  1.82E+06  8.11E-11      1.17 EN
      16    3   0  3.200E+01  2.00E+00  5.80E+08  3.90E+00  1.84E+06  8.30E-11      1.21 EN
      17    3   0  3.400E+01  2.00E+00  5.82E+08  3.94E+00  1.85E+06  8.49E-11      1.26 EN
      18    3   0  3.600E+01  2.00E+00  5.84E+08  3.99E+00  1.86E+06  8.68E-11      1.31 EN
      19    3   0  3.800E+01  2.00E+00  5.86E+08  4.03E+00  1.88E+06  8.86E-11      1.35 EN
      20    3   0  4.000E+01  2.00E+00  5.88E+08  4.07E+00  1.89E+06  9.05E-11      1.40 EN
      21    3   0  4.200E+01  2.00E+00  5.90E+08  4.11E+00  1.91E+06  9.23E-11      1.45 EN
      22    3   0  4.400E+01  2.00E+00  5.93E+08  4.14E+00  1.92E+06  9.41E-11      1.50 EN
      23    3   0  4.600E+01  2.00E+00  5.95E+08  4.18E+00  1.94E+06  9.58E-11      1.54 EN
      24    3   0  4.800E+01  2.00E+00  5.97E+08  4.22E+00  1.95E+06  9.75E-11      1.59 EN
      25    3   0  5.000E+01  2.00E+00  5.99E+08  4.25E+00  1.97E+06  9.92E-11      1.64 EN
      26    3   0  5.200E+01  2.00E+00  6.01E+08  4.28E+00  1.98E+06  1.01E-10      1.68 EN
      27    3   0  5.400E+01  2.00E+00  6.03E+08  4.32E+00  2.00E+06  1.02E-10      1.73 EN
      28    3   0  5.600E+01  2.00E+00  6.05E+08  4.35E+00  2.01E+06  1.04E-10      1.78 EN
      29    3   0  5.800E+01  2.00E+00  6.07E+08  4.38E+00  2.03E+06  1.05E-10      1.83 EN
      30    3   0  6.000E+01  2.00E+00  6.09E+08  4.40E+00  2.04E+06  1.07E-10      1.99 EN
      31    3   0  6.200E+01  2.00E+00  6.11E+08  4.43E+00  2.06E+06  1.08E-10      2.25 EN
      32    3   0  6.400E+01  2.00E+00  6.13E+08  4.46E+00  2.07E+06  1.10E-10      2.49 EN
      33    3   0  6.600E+01  2.00E+00  6.15E+08  4.48E+00  2.09E+06  1.11E-10      2.75 EN
      34    3   0  6.800E+01  2.00E+00  6.18E+08  4.50E+00  2.11E+06  1.12E-10      2.98 EN
      35    3   0  7.000E+01  2.00E+00  6.20E+08  4.52E+00  2.12E+06  1.13E-10      3.20 EN
      36    3   0  7.200E+01  2.00E+00  6.22E+08  4.54E+00  2.14E+06  1.14E-10      3.43 EN
      37    3   0  7.400E+01  2.00E+00  6.24E+08  4.56E+00  2.15E+06  1.15E-10      3.66 EN
      38    3   0  7.600E+01  2.00E+00  6.26E+08  4.57E+00  2.17E+06  1.16E-10      3.89 EN
      39    3   0  7.800E+01  2.00E+00  6.28E+08  4.59E+00  2.19E+06  1.17E-10      4.10 EN
      40    3   0  8.000E+01  2.00E+00  6.30E+08  4.60E+00  2.20E+06  1.18E-10      4.33 EN
      41    3   0  8.200E+01  2.00E+00  6.32E+08  4.61E+00  2.22E+06  1.18E-10      4.54 EN
      42    3   0  8.400E+01  2.00E+00  6.34E+08  4.62E+00  2.24E+06  1.19E-10      4.76 EN
      43    3   0  8.600E+01  2.00E+00  6.37E+08  4.63E+00  2.25E+06  1.19E-10      4.99 EN
      44    3   0  8.800E+01  2.00E+00  6.39E+08  4.63E+00  2.27E+06  1.20E-10      5.22 EN
      45    3   0  9.000E+01  2.00E+00  6.41E+08  4.64E+00  2.29E+06  1.20E-10      5.43 EN
      46    3   0  9.200E+01  2.00E+00  6.43E+08  4.64E+00  2.30E+06  1.20E-10      5.65 EN
      47    3   0  9.400E+01  2.00E+00  6.45E+08  4.64E+00  2.32E+06  1.20E-10      5.86 EN
      48    3   0  9.600E+01  2.00E+00  6.47E+08  4.64E+00  2.34E+06  1.20E-10      6.10 EN
      49    3   0  9.800E+01  2.00E+00  6.49E+08  4.63E+00  2.36E+06  1.20E-10      6.31 EN
      50    3   0  1.000E+02  2.00E+00  6.51E+08  4.63E+00  2.37E+06  1.20E-10      6.54 EN
      51    3   0  1.020E+02  2.00E+00  6.53E+08  4.62E+00  2.39E+06  1.19E-10      6.76 EN
      52    3   0  1.040E+02  2.00E+00  6.55E+08  4.61E+00  2.41E+06  1.19E-10      7.00 EN
      53    3   0  1.060E+02  2.00E+00  6.57E+08  4.60E+00  2.42E+06  1.19E-10      7.22 EN
