
  --------------------------------- START OF FEAP LOG ----------------------------------

  INPUT FILE NAME: Isi_p1                                                                                                                          

  MESH INPUT RECORDS
  ------------------
     KIMSetup                       
     mate            1              
     param                          
     block                          
     eboun                          
     cboun                          
     param                          
     edisp                          
     end                            

  --------------------------------- END OF MESH INPUTS ---------------------------------

  CONVERGENCE LABELS
  ----------------
    UN = Unconverged
    LI = Linear Problem: No Test
    ER = Energy & Residual Converged
    EN = Energy Converged
    RN = Residual Converged
    ET = Energy Converged to Zero Tolerance
    RT = Residual Converged to Tolerance

  SOLUTION SUMMARY
  ----------------
    Load  Total     Solution      Time     Residual Norm        Energy Norm     CPU Time Cn
    Step Tang+Form      Time      Incr.  Initial     Final   Initial     Final (Seconds)
  -----------------------------------------------------------------------------------------
       1    3   0  2.000E+00  2.00E+00  6.66E+07  4.32E-02  4.79E+04  2.01E-14      0.21 EN
       2    3   0  4.000E+00  2.00E+00  6.67E+07  4.35E-02  4.80E+04  2.05E-14      0.31 EN
       3    3   0  6.000E+00  2.00E+00  6.68E+07  4.39E-02  4.82E+04  2.08E-14      0.41 EN
       4    3   0  8.000E+00  2.00E+00  6.69E+07  4.42E-02  4.84E+04  2.11E-14      0.52 EN
       5    3   0  1.000E+01  2.00E+00  6.70E+07  4.45E-02  4.85E+04  2.14E-14      0.63 EN
       6    3   0  1.200E+01  2.00E+00  6.71E+07  4.49E-02  4.87E+04  2.18E-14      0.74 EN
       7    3   0  1.400E+01  2.00E+00  6.72E+07  4.52E-02  4.89E+04  2.21E-14      0.85 EN
       8    3   0  1.600E+01  2.00E+00  6.73E+07  4.56E-02  4.91E+04  2.25E-14      0.96 EN
       9    3   0  1.800E+01  2.00E+00  6.74E+07  4.59E-02  4.92E+04  2.28E-14      1.07 EN
      10    3   0  2.000E+01  2.00E+00  6.75E+07  4.62E-02  4.94E+04  2.31E-14      1.18 EN
      11    3   0  2.200E+01  2.00E+00  6.77E+07  4.66E-02  4.96E+04  2.35E-14      1.29 EN
      12    3   0  2.400E+01  2.00E+00  6.78E+07  4.69E-02  4.98E+04  2.38E-14      1.40 EN
      13    3   0  2.600E+01  2.00E+00  6.79E+07  4.71E-02  5.00E+04  2.41E-14      1.52 EN
      14    3   0  2.800E+01  2.00E+00  6.80E+07  4.75E-02  5.01E+04  2.45E-14      1.63 EN
      15    3   0  3.000E+01  2.00E+00  6.81E+07  4.78E-02  5.03E+04  2.48E-14      1.74 EN
      16    3   0  3.200E+01  2.00E+00  6.82E+07  4.82E-02  5.05E+04  2.52E-14      1.85 EN
      17    3   0  3.400E+01  2.00E+00  6.83E+07  4.85E-02  5.07E+04  2.55E-14      1.96 EN
      18    3   0  3.600E+01  2.00E+00  6.85E+07  4.88E-02  5.09E+04  2.59E-14      2.06 EN
      19    3   0  3.800E+01  2.00E+00  6.86E+07  4.91E-02  5.11E+04  2.62E-14      2.17 EN
      20    3   0  4.000E+01  2.00E+00  6.87E+07  4.94E-02  5.12E+04  2.65E-14      2.28 EN
      21    3   0  4.200E+01  2.00E+00  6.88E+07  4.97E-02  5.14E+04  2.69E-14      2.38 EN
      22    3   0  4.400E+01  2.00E+00  6.89E+07  5.01E-02  5.16E+04  2.72E-14      2.48 EN
      23    3   0  4.600E+01  2.00E+00  6.90E+07  5.04E-02  5.18E+04  2.76E-14      2.59 EN
      24    3   0  4.800E+01  2.00E+00  6.91E+07  5.07E-02  5.20E+04  2.79E-14      2.69 EN
      25    3   0  5.000E+01  2.00E+00  6.93E+07  5.10E-02  5.22E+04  2.83E-14      2.79 EN
      26    3   0  5.200E+01  2.00E+00  6.94E+07  5.13E-02  5.24E+04  2.86E-14      2.90 EN
      27    3   0  5.400E+01  2.00E+00  6.95E+07  5.16E-02  5.26E+04  2.90E-14      3.00 EN
      28    3   0  5.600E+01  2.00E+00  6.96E+07  5.19E-02  5.28E+04  2.93E-14      3.10 EN
      29    3   0  5.800E+01  2.00E+00  6.97E+07  5.22E-02  5.30E+04  2.96E-14      3.21 EN
      30    3   0  6.000E+01  2.00E+00  6.98E+07  5.25E-02  5.32E+04  3.00E-14      3.33 EN
      31    3   0  6.200E+01  2.00E+00  7.00E+07  5.28E-02  5.34E+04  3.03E-14      3.43 EN
      32    3   0  6.400E+01  2.00E+00  7.01E+07  5.31E-02  5.36E+04  3.07E-14      3.54 EN
      33    3   0  6.600E+01  2.00E+00  7.02E+07  5.34E-02  5.37E+04  3.10E-14      3.64 EN
      34    3   0  6.800E+01  2.00E+00  7.03E+07  5.36E-02  5.39E+04  3.13E-14      3.75 EN
      35    3   0  7.000E+01  2.00E+00  7.04E+07  5.39E-02  5.41E+04  3.17E-14      3.87 EN
      36    3   0  7.200E+01  2.00E+00  7.06E+07  5.41E-02  5.43E+04  3.20E-14      3.97 EN
      37    3   0  7.400E+01  2.00E+00  7.07E+07  5.44E-02  5.45E+04  3.23E-14      4.09 EN
      38    3   0  7.600E+01  2.00E+00  7.08E+07  5.47E-02  5.47E+04  3.27E-14      4.20 EN
      39    3   0  7.800E+01  2.00E+00  7.09E+07  5.50E-02  5.50E+04  3.30E-14      4.30 EN
      40    3   0  8.000E+01  2.00E+00  7.10E+07  5.52E-02  5.52E+04  3.34E-14      4.42 EN
      41    3   0  8.200E+01  2.00E+00  7.11E+07  5.55E-02  5.54E+04  3.37E-14      4.53 EN
      42    3   0  8.400E+01  2.00E+00  7.13E+07  5.57E-02  5.56E+04  3.40E-14      4.64 EN
      43    3   0  8.600E+01  2.00E+00  7.14E+07  5.60E-02  5.58E+04  3.43E-14      4.75 EN
      44    3   0  8.800E+01  2.00E+00  7.15E+07  5.63E-02  5.60E+04  3.46E-14      4.86 EN
      45    3   0  9.000E+01  2.00E+00  7.16E+07  5.65E-02  5.62E+04  3.50E-14      4.98 EN
      46    3   0  9.200E+01  2.00E+00  7.17E+07  5.68E-02  5.64E+04  3.53E-14      5.09 EN
      47    3   0  9.400E+01  2.00E+00  7.19E+07  5.70E-02  5.66E+04  3.56E-14      5.19 EN
      48    3   0  9.600E+01  2.00E+00  7.20E+07  5.72E-02  5.68E+04  3.59E-14      5.32 EN
      49    3   0  9.800E+01  2.00E+00  7.21E+07  5.74E-02  5.70E+04  3.62E-14      5.43 EN
      50    3   0  1.000E+02  2.00E+00  7.22E+07  5.77E-02  5.72E+04  3.65E-14      5.53 EN
      51    3   0  1.020E+02  2.00E+00  7.23E+07  5.79E-02  5.74E+04  3.68E-14      5.64 EN
      52    3   0  1.040E+02  2.00E+00  7.25E+07  5.81E-02  5.77E+04  3.71E-14      5.75 EN
      53    3   0  1.060E+02  2.00E+00  7.26E+07  5.84E-02  5.79E+04  3.74E-14      5.86 EN
      54    3   0  1.080E+02  2.00E+00  7.27E+07  5.86E-02  5.81E+04  3.77E-14      5.97 EN
      55    3   0  1.100E+02  2.00E+00  7.28E+07  5.88E-02  5.83E+04  3.79E-14      6.07 EN
      56    3   0  1.120E+02  2.00E+00  7.30E+07  5.90E-02  5.85E+04  3.83E-14      6.18 EN
      57    3   0  1.140E+02  2.00E+00  7.31E+07  5.92E-02  5.87E+04  3.85E-14      6.29 EN
      58    3   0  1.160E+02  2.00E+00  7.32E+07  5.94E-02  5.89E+04  3.88E-14      6.40 EN
      59    3   0  1.180E+02  2.00E+00  7.33E+07  5.96E-02  5.92E+04  3.90E-14      6.51 EN
      60    3   0  1.200E+02  2.00E+00  7.34E+07  5.98E-02  5.94E+04  3.93E-14      6.62 EN
      61    3   0  1.220E+02  2.00E+00  7.36E+07  6.00E-02  5.96E+04  3.95E-14      6.86 EN
      62    3   0  1.240E+02  2.00E+00  7.37E+07  6.01E-02  5.98E+04  3.98E-14      7.19 EN
      63    3   0  1.260E+02  2.00E+00  7.38E+07  6.03E-02  6.00E+04  4.00E-14      7.50 EN
      64    3   0  1.280E+02  2.00E+00  7.39E+07  6.05E-02  6.03E+04  4.03E-14      8.00 EN
      65    3   0  1.300E+02  2.00E+00  7.41E+07  6.06E-02  6.05E+04  4.05E-14      8.44 EN
      66    3   0  1.320E+02  2.00E+00  7.42E+07  6.08E-02  6.07E+04  4.08E-14      8.74 EN
      67    3   0  1.340E+02  2.00E+00  7.43E+07  6.09E-02  6.09E+04  4.10E-14      9.95 EN
      68    3   0  1.360E+02  2.00E+00  7.44E+07  6.11E-02  6.12E+04  4.12E-14     10.81 EN
      69    3   0  1.380E+02  2.00E+00  7.45E+07  6.12E-02  6.14E+04  4.14E-14     11.18 EN
      70    3   0  1.400E+02  2.00E+00  7.47E+07  6.14E-02  6.16E+04  4.16E-14     11.48 EN
      71    3   0  1.420E+02  2.00E+00  7.48E+07  6.15E-02  6.18E+04  4.18E-14     11.83 EN
      72    3   0  1.440E+02  2.00E+00  7.49E+07  6.17E-02  6.21E+04  4.20E-14     12.15 EN
      73    3   0  1.460E+02  2.00E+00  7.50E+07  6.18E-02  6.23E+04  4.22E-14     12.45 EN
      74    3   0  1.480E+02  2.00E+00  7.52E+07  6.19E-02  6.25E+04  4.24E-14     12.80 EN
      75    3   0  1.500E+02  2.00E+00  7.53E+07  6.20E-02  6.27E+04  4.26E-14     13.16 EN
      76    3   0  1.520E+02  2.00E+00  7.54E+07  6.21E-02  6.30E+04  4.27E-14     13.47 EN
      77    3   0  1.540E+02  2.00E+00  7.55E+07  6.22E-02  6.32E+04  4.29E-14     13.78 EN
      78    3   0  1.560E+02  2.00E+00  7.57E+07  6.24E-02  6.34E+04  4.31E-14     14.13 EN
      79    3   0  1.580E+02  2.00E+00  7.58E+07  6.24E-02  6.37E+04  4.32E-14     14.46 EN
      80    3   0  1.600E+02  2.00E+00  7.59E+07  6.25E-02  6.39E+04  4.33E-14     14.82 EN
      81    3   0  1.620E+02  2.00E+00  7.60E+07  6.26E-02  6.41E+04  4.35E-14     15.13 EN
      82    3   0  1.640E+02  2.00E+00  7.61E+07  6.27E-02  6.44E+04  4.36E-14     15.42 EN
      83    3   0  1.660E+02  2.00E+00  7.63E+07  6.27E-02  6.46E+04  4.37E-14     15.75 EN
      84    3   0  1.680E+02  2.00E+00  7.64E+07  6.28E-02  6.48E+04  4.38E-14     16.07 EN
      85    3   0  1.700E+02  2.00E+00  7.65E+07  6.29E-02  6.51E+04  4.40E-14     16.43 EN
      86    3   0  1.720E+02  2.00E+00  7.66E+07  6.29E-02  6.53E+04  4.40E-14     16.80 EN
      87    3   0  1.740E+02  2.00E+00  7.68E+07  6.30E-02  6.55E+04  4.42E-14     17.14 EN
      88    3   0  1.760E+02  2.00E+00  7.69E+07  6.30E-02  6.58E+04  4.42E-14     17.51 EN
      89    3   0  1.780E+02  2.00E+00  7.70E+07  6.31E-02  6.60E+04  4.43E-14     17.84 EN
      90    3   0  1.800E+02  2.00E+00  7.71E+07  6.31E-02  6.62E+04  4.43E-14     18.16 EN
      91    3   0  1.820E+02  2.00E+00  7.73E+07  6.31E-02  6.65E+04  4.44E-14     18.50 EN
      92    3   0  1.840E+02  2.00E+00  7.74E+07  6.32E-02  6.67E+04  4.45E-14     18.85 EN
      93    3   0  1.860E+02  2.00E+00  7.75E+07  6.32E-02  6.69E+04  4.45E-14     19.15 EN
      94    3   0  1.880E+02  2.00E+00  7.76E+07  6.32E-02  6.72E+04  4.45E-14     19.47 EN
      95    3   0  1.900E+02  2.00E+00  7.77E+07  6.32E-02  6.74E+04  4.46E-14     19.78 EN
      96    3   0  1.920E+02  2.00E+00  7.79E+07  6.33E-02  6.77E+04  4.46E-14     20.15 EN
      97    3   0  1.940E+02  2.00E+00  7.80E+07  6.32E-02  6.79E+04  4.46E-14     20.48 ER
      98    3   0  1.960E+02  2.00E+00  7.81E+07  6.32E-02  6.81E+04  4.46E-14     20.81 ER
      99    3   0  1.980E+02  2.00E+00  7.82E+07  6.32E-02  6.84E+04  4.46E-14     21.12 ER
     100    3   0  2.000E+02  2.00E+00  7.84E+07  6.31E-02  6.86E+04  4.45E-14     21.48 ER
     101    3   0  2.020E+02  2.00E+00  7.85E+07  6.31E-02  6.89E+04  4.45E-14     21.84 ER
     102    3   0  2.040E+02  2.00E+00  7.86E+07  6.31E-02  6.91E+04  4.45E-14     22.15 ER
     103    3   0  2.060E+02  2.00E+00  7.87E+07  6.30E-02  6.93E+04  4.44E-14     22.54 ER
     104    3   0  2.080E+02  2.00E+00  7.88E+07  6.30E-02  6.96E+04  4.44E-14     22.88 ER
     105    3   0  2.100E+02  2.00E+00  7.90E+07  6.30E-02  6.98E+04  4.44E-14     23.19 ER
     106    3   0  2.120E+02  2.00E+00  7.91E+07  6.29E-02  7.01E+04  4.43E-14     23.48 ER
     107    3   0  2.140E+02  2.00E+00  7.92E+07  6.28E-02  7.03E+04  4.42E-14     23.81 ER
     108    3   0  2.160E+02  2.00E+00  7.93E+07  6.27E-02  7.06E+04  4.41E-14     24.14 ER
     109    3   0  2.180E+02  2.00E+00  7.95E+07  6.27E-02  7.08E+04  4.40E-14     24.46 ER
     110    3   0  2.200E+02  2.00E+00  7.96E+07  6.26E-02  7.10E+04  4.39E-14     24.79 ER
     111    3   0  2.220E+02  2.00E+00  7.97E+07  6.25E-02  7.13E+04  4.38E-14     25.14 ER
     112    3   0  2.240E+02  2.00E+00  7.98E+07  6.24E-02  7.15E+04  4.37E-14     25.47 ER
     113    3   0  2.260E+02  2.00E+00  7.99E+07  6.23E-02  7.18E+04  4.36E-14     25.79 ER
     114    3   0  2.280E+02  2.00E+00  8.01E+07  6.22E-02  7.20E+04  4.34E-14     26.13 ER
     115    3   0  2.300E+02  2.00E+00  8.02E+07  6.20E-02  7.23E+04  4.33E-14     26.49 ER
     116    3   0  2.320E+02  2.00E+00  8.03E+07  6.20E-02  7.25E+04  4.31E-14     26.81 ER
     117    3   0  2.340E+02  2.00E+00  8.04E+07  6.18E-02  7.28E+04  4.30E-14     27.13 ER
     118    3   0  2.360E+02  2.00E+00  8.05E+07  6.17E-02  7.30E+04  4.28E-14     27.47 ER
     119    3   0  2.380E+02  2.00E+00  8.07E+07  6.16E-02  7.32E+04  4.26E-14     27.84 ER
     120    3   0  2.400E+02  2.00E+00  8.08E+07  6.14E-02  7.35E+04  4.24E-14     28.18 ER
     121    3   0  2.420E+02  2.00E+00  8.09E+07  6.12E-02  7.37E+04  4.22E-14     28.53 ER
     122    3   0  2.440E+02  2.00E+00  8.10E+07  6.11E-02  7.40E+04  4.21E-14     28.86 ER
     123    3   0  2.460E+02  2.00E+00  8.11E+07  6.09E-02  7.42E+04  4.18E-14     29.21 ER
     124    3   0  2.480E+02  2.00E+00  8.13E+07  6.07E-02  7.45E+04  4.16E-14     29.56 ER
     125    3   0  2.500E+02  2.00E+00  8.14E+07  6.06E-02  7.47E+04  4.14E-14     29.88 ER
     126    3   0  2.520E+02  2.00E+00  8.15E+07  6.04E-02  7.50E+04  4.12E-14     30.20 ER
     127    3   0  2.540E+02  2.00E+00  8.16E+07  6.02E-02  7.52E+04  4.09E-14     30.54 ER
     128    3   0  2.560E+02  2.00E+00  8.17E+07  6.00E-02  7.55E+04  4.07E-14     30.88 ER
     129    3   0  2.580E+02  2.00E+00  8.18E+07  5.98E-02  7.57E+04  4.04E-14     31.22 ER
     130    3   0  2.600E+02  2.00E+00  8.20E+07  5.96E-02  7.59E+04  4.01E-14     31.55 ER
     131    3   0  2.620E+02  2.00E+00  8.21E+07  5.94E-02  7.62E+04  3.99E-14     31.84 ER
     132    3   0  2.640E+02  2.00E+00  8.22E+07  5.91E-02  7.64E+04  3.96E-14     32.17 ER
     133    3   0  2.660E+02  2.00E+00  8.23E+07  5.89E-02  7.67E+04  3.93E-14     32.51 ER
     134    3   0  2.680E+02  2.00E+00  8.24E+07  5.87E-02  7.69E+04  3.90E-14     32.83 ER
     135    3   0  2.700E+02  2.00E+00  8.25E+07  5.84E-02  7.72E+04  3.87E-14     33.16 ER
     136    3   0  2.720E+02  2.00E+00  8.27E+07  5.82E-02  7.74E+04  3.84E-14     33.51 ER
     137    3   0  2.740E+02  2.00E+00  8.28E+07  5.80E-02  7.77E+04  3.81E-14     33.87 ER
     138    3   0  2.760E+02  2.00E+00  8.29E+07  5.77E-02  7.79E+04  3.78E-14     34.17 ER
     139    3   0  2.780E+02  2.00E+00  8.30E+07  5.74E-02  7.82E+04  3.74E-14     34.51 ER
     140    3   0  2.800E+02  2.00E+00  8.31E+07  5.72E-02  7.84E+04  3.71E-14     34.85 ER
     141    3   0  2.820E+02  2.00E+00  8.32E+07  5.69E-02  7.86E+04  3.67E-14     35.24 ER
     142    3   0  2.840E+02  2.00E+00  8.33E+07  5.66E-02  7.89E+04  3.64E-14     35.54 ER
     143    3   0  2.860E+02  2.00E+00  8.35E+07  5.63E-02  7.91E+04  3.61E-14     35.85 ER
     144    3   0  2.880E+02  2.00E+00  8.36E+07  5.61E-02  7.94E+04  3.57E-14     36.19 ER
     145    3   0  2.900E+02  2.00E+00  8.37E+07  5.58E-02  7.96E+04  3.53E-14     36.51 ER
     146    3   0  2.920E+02  2.00E+00  8.38E+07  5.55E-02  7.99E+04  3.50E-14     36.87 ER
     147    3   0  2.940E+02  2.00E+00  8.39E+07  5.52E-02  8.01E+04  3.46E-14     37.21 ER
     148    3   0  2.960E+02  2.00E+00  8.40E+07  5.48E-02  8.04E+04  3.42E-14     37.55 ER
     149    3   0  2.980E+02  2.00E+00  8.41E+07  5.45E-02  8.06E+04  3.38E-14     37.97 ER
     150    3   0  3.000E+02  2.00E+00  8.42E+07  5.42E-02  8.08E+04  3.34E-14     38.38 ER
     151    3   0  3.020E+02  2.00E+00  8.43E+07  5.38E-02  8.11E+04  3.31E-14     38.82 ER
     152    3   0  3.040E+02  2.00E+00  8.45E+07  5.35E-02  8.13E+04  3.27E-14     39.21 ER
     153    3   0  3.060E+02  2.00E+00  8.46E+07  5.32E-02  8.16E+04  3.23E-14     39.81 ER
     154    3   0  3.080E+02  2.00E+00  8.47E+07  5.28E-02  8.18E+04  3.19E-14     40.20 ER
     155    3   0  3.100E+02  2.00E+00  8.48E+07  5.25E-02  8.21E+04  3.14E-14     40.57 ER
     156    3   0  3.120E+02  2.00E+00  8.49E+07  5.21E-02  8.23E+04  3.10E-14     40.99 ER
     157    3   0  3.140E+02  2.00E+00  8.50E+07  5.18E-02  8.25E+04  3.06E-14     41.40 ER
     158    3   0  3.160E+02  2.00E+00  8.51E+07  5.14E-02  8.28E+04  3.02E-14     41.83 ER
     159    3   0  3.180E+02  2.00E+00  8.52E+07  5.10E-02  8.30E+04  2.97E-14     42.21 ER
     160    3   0  3.200E+02  2.00E+00  8.53E+07  5.06E-02  8.32E+04  2.93E-14     42.62 ER
     161    3   0  3.220E+02  2.00E+00  8.54E+07  5.02E-02  8.35E+04  2.88E-14     42.99 ER
     162    3   0  3.240E+02  2.00E+00  8.55E+07  4.98E-02  8.37E+04  2.84E-14     43.38 ER
     163    3   0  3.260E+02  2.00E+00  8.56E+07  4.94E-02  8.40E+04  2.79E-14     43.73 ER
     164    3   0  3.280E+02  2.00E+00  8.57E+07  4.90E-02  8.42E+04  2.75E-14     44.05 ER
     165    3   0  3.300E+02  2.00E+00  8.58E+07  4.86E-02  8.44E+04  2.70E-14     44.44 ER
     166    3   0  3.320E+02  2.00E+00  8.60E+07  4.81E-02  8.47E+04  2.65E-14     44.98 ER
     167    3   0  3.340E+02  2.00E+00  8.61E+07  4.77E-02  8.49E+04  2.61E-14     45.56 ER
     168    3   0  3.360E+02  2.00E+00  8.62E+07  4.72E-02  8.51E+04  2.56E-14     46.01 ER
     169    3   0  3.380E+02  2.00E+00  8.63E+07  4.68E-02  8.54E+04  2.52E-14     46.44 ER
     170    3   0  3.400E+02  2.00E+00  8.64E+07  4.64E-02  8.56E+04  2.47E-14     46.80 ER
     171    3   0  3.420E+02  2.00E+00  8.65E+07  4.59E-02  8.58E+04  2.42E-14     47.22 ER
     172    3   0  3.440E+02  2.00E+00  8.66E+07  4.54E-02  8.61E+04  2.37E-14     47.63 ER
     173    3   0  3.460E+02  2.00E+00  8.67E+07  4.50E-02  8.63E+04  2.32E-14     48.00 ER
     174    3   0  3.480E+02  2.00E+00  8.68E+07  4.45E-02  8.65E+04  2.27E-14     48.32 ER
     175    3   0  3.500E+02  2.00E+00  8.69E+07  4.40E-02  8.68E+04  2.22E-14     48.66 ER
     176    3   0  3.520E+02  2.00E+00  8.70E+07  4.34E-02  8.70E+04  2.17E-14     49.02 ER
     177    3   0  3.540E+02  2.00E+00  8.71E+07  4.30E-02  8.72E+04  2.12E-14     49.36 ER
     178    3   0  3.560E+02  2.00E+00  8.72E+07  4.24E-02  8.74E+04  2.07E-14     49.70 ER
     179    3   0  3.580E+02  2.00E+00  8.73E+07  4.19E-02  8.77E+04  2.02E-14     50.06 ER
     180    3   0  3.600E+02  2.00E+00  8.74E+07  4.14E-02  8.79E+04  1.98E-14     50.40 ER
     181    3   0  3.620E+02  2.00E+00  8.74E+07  4.09E-02  8.81E+04  1.92E-14     50.79 ER
     182    3   0  3.640E+02  2.00E+00  8.75E+07  4.03E-02  8.83E+04  1.87E-14     51.25 ER
     183    3   0  3.660E+02  2.00E+00  8.76E+07  3.98E-02  8.85E+04  1.82E-14     51.69 ER
     184    3   0  3.680E+02  2.00E+00  8.77E+07  3.92E-02  8.88E+04  1.77E-14     52.10 ER
     185    3   0  3.700E+02  2.00E+00  8.78E+07  3.87E-02  8.90E+04  1.72E-14     52.50 ER
     186    3   0  3.720E+02  2.00E+00  8.79E+07  3.81E-02  8.92E+04  1.68E-14     52.87 ER
     187    3   0  3.740E+02  2.00E+00  8.80E+07  3.75E-02  8.94E+04  1.63E-14     53.22 ER
     188    3   0  3.760E+02  2.00E+00  8.81E+07  3.70E-02  8.96E+04  1.58E-14     53.60 ER
     189    3   0  3.780E+02  2.00E+00  8.82E+07  3.64E-02  8.98E+04  1.53E-14     54.01 ER
     190    3   0  3.800E+02  2.00E+00  8.83E+07  3.58E-02  9.00E+04  1.48E-14     54.36 ER
     191    3   0  3.820E+02  2.00E+00  8.84E+07  3.51E-02  9.03E+04  1.43E-14     54.75 ER
     192    3   0  3.840E+02  2.00E+00  8.84E+07  3.46E-02  9.05E+04  1.38E-14     55.06 ER
     193    3   0  3.860E+02  2.00E+00  8.85E+07  3.39E-02  9.07E+04  1.33E-14     55.43 ER
     194    3   0  3.880E+02  2.00E+00  8.86E+07  3.33E-02  9.09E+04  1.29E-14     55.74 ER
     195    3   0  3.900E+02  2.00E+00  8.87E+07  3.27E-02  9.11E+04  1.24E-14     56.07 ER
     196    3   0  3.920E+02  2.00E+00  8.88E+07  3.21E-02  9.13E+04  1.19E-14     56.42 ER
     197    3   0  3.940E+02  2.00E+00  8.89E+07  3.15E-02  9.15E+04  1.15E-14     56.77 ER
     198    3   0  3.960E+02  2.00E+00  8.89E+07  3.09E-02  9.17E+04  1.10E-14     57.11 ER
     199    3   0  3.980E+02  2.00E+00  8.90E+07  3.03E-02  9.19E+04  1.06E-14     57.45 ER
     200    3   0  4.000E+02  2.00E+00  8.91E+07  2.96E-02  9.21E+04  1.02E-14     57.76 ER
     201    3   0  4.020E+02  2.00E+00  8.92E+07  2.90E-02  9.23E+04  9.74E-15     58.14 ER
     202    3   0  4.040E+02  2.00E+00  8.93E+07  2.83E-02  9.25E+04  9.33E-15     58.51 ER
     203    3   0  4.060E+02  2.00E+00  8.93E+07  2.77E-02  9.27E+04  8.92E-15     58.85 ER
     204    3   0  4.080E+02  2.00E+00  8.94E+07  2.71E-02  9.28E+04  8.53E-15     59.23 ER
     205    3   0  4.100E+02  2.00E+00  8.95E+07  2.65E-02  9.30E+04  8.14E-15     59.67 ER
     206    3   0  4.120E+02  2.00E+00  8.95E+07  2.58E-02  9.32E+04  7.74E-15     60.10 ER
     207    3   0  4.140E+02  2.00E+00  8.96E+07  2.52E-02  9.34E+04  7.40E-15     60.49 ER
     208    3   0  4.160E+02  2.00E+00  8.97E+07  2.52E-02  9.36E+04  7.39E-15     60.87 ER
     209    3   0  4.180E+02  2.00E+00  8.96E+07  2.59E-02  9.34E+04  7.78E-15     61.28 ER
     210    3   0  4.200E+02  2.00E+00  8.95E+07  2.65E-02  9.32E+04  8.14E-15     61.67 ER
     211    3   0  4.220E+02  2.00E+00  8.95E+07  2.71E-02  9.30E+04  8.53E-15     62.04 ER
     212    3   0  4.240E+02  2.00E+00  8.94E+07  2.77E-02  9.28E+04  8.93E-15     62.40 ER
     213    3   0  4.260E+02  2.00E+00  8.93E+07  2.84E-02  9.27E+04  9.34E-15     62.72 ER
     214    3   0  4.280E+02  2.00E+00  8.93E+07  2.90E-02  9.25E+04  9.74E-15     63.04 ER
     215    3   0  4.300E+02  2.00E+00  8.92E+07  2.96E-02  9.23E+04  1.02E-14     63.42 ER
     216    3   0  4.320E+02  2.00E+00  8.91E+07  3.02E-02  9.21E+04  1.06E-14     63.77 ER
     217    3   0  4.340E+02  2.00E+00  8.90E+07  3.09E-02  9.19E+04  1.10E-14     64.11 ER
     218    3   0  4.360E+02  2.00E+00  8.89E+07  3.15E-02  9.17E+04  1.15E-14     64.45 ER
     219    3   0  4.380E+02  2.00E+00  8.89E+07  3.21E-02  9.15E+04  1.19E-14     64.78 ER
     220    3   0  4.400E+02  2.00E+00  8.88E+07  3.27E-02  9.13E+04  1.24E-14     65.16 ER
     221    3   0  4.420E+02  2.00E+00  8.87E+07  3.33E-02  9.11E+04  1.29E-14     65.51 ER
     222    3   0  4.440E+02  2.00E+00  8.86E+07  3.40E-02  9.09E+04  1.33E-14     65.84 ER
     223    3   0  4.460E+02  2.00E+00  8.85E+07  3.45E-02  9.07E+04  1.38E-14     66.14 ER
     224    3   0  4.480E+02  2.00E+00  8.84E+07  3.52E-02  9.05E+04  1.43E-14     66.49 ER
     225    3   0  4.500E+02  2.00E+00  8.84E+07  3.58E-02  9.03E+04  1.48E-14     66.81 ER
     226    3   0  4.520E+02  2.00E+00  8.83E+07  3.63E-02  9.00E+04  1.53E-14     67.13 ER
     227    3   0  4.540E+02  2.00E+00  8.82E+07  3.69E-02  8.98E+04  1.57E-14     67.49 ER
     228    3   0  4.560E+02  2.00E+00  8.81E+07  3.75E-02  8.96E+04  1.62E-14     67.83 ER
     229    3   0  4.580E+02  2.00E+00  8.80E+07  3.80E-02  8.94E+04  1.67E-14     68.21 ER
     230    3   0  4.600E+02  2.00E+00  8.79E+07  3.86E-02  8.92E+04  1.72E-14     68.56 ER
     231    3   0  4.620E+02  2.00E+00  8.78E+07  3.92E-02  8.90E+04  1.77E-14     68.95 ER
     232    3   0  4.640E+02  2.00E+00  8.77E+07  3.98E-02  8.88E+04  1.82E-14     69.29 ER
     233    3   0  4.660E+02  2.00E+00  8.76E+07  4.03E-02  8.85E+04  1.87E-14     69.62 ER
     234    3   0  4.680E+02  2.00E+00  8.75E+07  4.08E-02  8.83E+04  1.92E-14     69.93 ER
     235    3   0  4.700E+02  2.00E+00  8.74E+07  4.13E-02  8.81E+04  1.97E-14     70.25 ER
     236    3   0  4.720E+02  2.00E+00  8.74E+07  4.19E-02  8.79E+04  2.02E-14     70.57 ER
     237    3   0  4.740E+02  2.00E+00  8.73E+07  4.24E-02  8.77E+04  2.07E-14     70.89 ER
     238    3   0  4.760E+02  2.00E+00  8.72E+07  4.30E-02  8.74E+04  2.12E-14     71.21 ER
     239    3   0  4.780E+02  2.00E+00  8.71E+07  4.34E-02  8.72E+04  2.17E-14     71.55 ER
     240    3   0  4.800E+02  2.00E+00  8.70E+07  4.39E-02  8.70E+04  2.22E-14     71.93 ER
     241    3   0  4.820E+02  2.00E+00  8.69E+07  4.44E-02  8.68E+04  2.26E-14     72.32 ER
     242    3   0  4.840E+02  2.00E+00  8.68E+07  4.49E-02  8.65E+04  2.32E-14     72.68 ER
     243    3   0  4.860E+02  2.00E+00  8.67E+07  4.54E-02  8.63E+04  2.37E-14     73.03 ER
     244    3   0  4.880E+02  2.00E+00  8.66E+07  4.59E-02  8.61E+04  2.41E-14     73.38 ER
     245    3   0  4.900E+02  2.00E+00  8.65E+07  4.63E-02  8.58E+04  2.46E-14     73.76 ER
     246    3   0  4.920E+02  2.00E+00  8.64E+07  4.68E-02  8.56E+04  2.51E-14     74.08 ER
     247    3   0  4.940E+02  2.00E+00  8.63E+07  4.72E-02  8.54E+04  2.56E-14     74.43 ER
     248    3   0  4.960E+02  2.00E+00  8.62E+07  4.77E-02  8.51E+04  2.60E-14     74.79 ER
     249    3   0  4.980E+02  2.00E+00  8.61E+07  4.81E-02  8.49E+04  2.65E-14     75.12 ER
     250    3   0  5.000E+02  2.00E+00  8.60E+07  4.85E-02  8.47E+04  2.70E-14     75.45 ER
     251    3   0  5.020E+02  2.00E+00  8.58E+07  4.90E-02  8.44E+04  2.74E-14     75.78 ER
     252    3   0  5.040E+02  2.00E+00  8.57E+07  4.94E-02  8.42E+04  2.79E-14     76.11 ER
     253    3   0  5.060E+02  2.00E+00  8.56E+07  4.97E-02  8.40E+04  2.83E-14     76.43 ER
     254    3   0  5.080E+02  2.00E+00  8.55E+07  5.02E-02  8.37E+04  2.88E-14     76.77 ER
     255    3   0  5.100E+02  2.00E+00  8.54E+07  5.06E-02  8.35E+04  2.92E-14     77.16 ER
     256    3   0  5.120E+02  2.00E+00  8.53E+07  5.10E-02  8.32E+04  2.97E-14     77.52 ER
     257    3   0  5.140E+02  2.00E+00  8.52E+07  5.13E-02  8.30E+04  3.01E-14     77.85 ER
     258    3   0  5.160E+02  2.00E+00  8.51E+07  5.17E-02  8.28E+04  3.05E-14     78.16 ER
     259    3   0  5.180E+02  2.00E+00  8.50E+07  5.21E-02  8.25E+04  3.10E-14     78.52 ER
     260    3   0  5.200E+02  2.00E+00  8.49E+07  5.24E-02  8.23E+04  3.14E-14     78.83 ER
     261    3   0  5.220E+02  2.00E+00  8.48E+07  5.28E-02  8.21E+04  3.18E-14     79.15 ER
     262    3   0  5.240E+02  2.00E+00  8.47E+07  5.31E-02  8.18E+04  3.22E-14     79.48 ER
     263    3   0  5.260E+02  2.00E+00  8.46E+07  5.35E-02  8.16E+04  3.26E-14     79.84 ER
     264    3   0  5.280E+02  2.00E+00  8.45E+07  5.38E-02  8.13E+04  3.30E-14     80.17 ER
     265    3   0  5.300E+02  2.00E+00  8.43E+07  5.42E-02  8.11E+04  3.34E-14     80.46 ER
     266    3   0  5.320E+02  2.00E+00  8.42E+07  5.45E-02  8.08E+04  3.38E-14     80.81 ER
     267    3   0  5.340E+02  2.00E+00  8.41E+07  5.48E-02  8.06E+04  3.42E-14     81.14 ER
     268    3   0  5.360E+02  2.00E+00  8.40E+07  5.51E-02  8.04E+04  3.46E-14     81.50 ER
     269    3   0  5.380E+02  2.00E+00  8.39E+07  5.55E-02  8.01E+04  3.49E-14     81.82 ER
     270    3   0  5.400E+02  2.00E+00  8.38E+07  5.58E-02  7.99E+04  3.53E-14     82.11 ER
     271    3   0  5.420E+02  2.00E+00  8.37E+07  5.60E-02  7.96E+04  3.57E-14     82.44 ER
     272    3   0  5.440E+02  2.00E+00  8.36E+07  5.63E-02  7.94E+04  3.60E-14     82.77 ER
     273    3   0  5.460E+02  2.00E+00  8.35E+07  5.66E-02  7.91E+04  3.64E-14     83.06 ER
     274    3   0  5.480E+02  2.00E+00  8.33E+07  5.69E-02  7.89E+04  3.68E-14     83.44 ER
     275    3   0  5.500E+02  2.00E+00  8.32E+07  5.72E-02  7.86E+04  3.71E-14     83.80 ER
     276    3   0  5.520E+02  2.00E+00  8.31E+07  5.75E-02  7.84E+04  3.74E-14     84.11 ER
     277    3   0  5.540E+02  2.00E+00  8.30E+07  5.77E-02  7.82E+04  3.77E-14     84.47 ER
     278    3   0  5.560E+02  2.00E+00  8.29E+07  5.80E-02  7.79E+04  3.81E-14     84.86 ER
     279    3   0  5.580E+02  2.00E+00  8.28E+07  5.82E-02  7.77E+04  3.84E-14     85.20 ER
     280    3   0  5.600E+02  2.00E+00  8.27E+07  5.85E-02  7.74E+04  3.87E-14     85.56 ER
     281    3   0  5.620E+02  2.00E+00  8.25E+07  5.87E-02  7.72E+04  3.90E-14     85.87 ER
     282    3   0  5.640E+02  2.00E+00  8.24E+07  5.89E-02  7.69E+04  3.93E-14     86.21 ER
     283    3   0  5.660E+02  2.00E+00  8.23E+07  5.91E-02  7.67E+04  3.96E-14     86.56 ER
     284    3   0  5.680E+02  2.00E+00  8.22E+07  5.94E-02  7.64E+04  3.98E-14     86.88 ER
     285    3   0  5.700E+02  2.00E+00  8.21E+07  5.96E-02  7.62E+04  4.01E-14     87.25 ER
     286    3   0  5.720E+02  2.00E+00  8.20E+07  5.98E-02  7.59E+04  4.04E-14     87.61 ER
     287    3   0  5.740E+02  2.00E+00  8.18E+07  6.00E-02  7.57E+04  4.06E-14     87.93 ER
     288    3   0  5.760E+02  2.00E+00  8.17E+07  6.02E-02  7.55E+04  4.09E-14     88.28 ER
     289    3   0  5.780E+02  2.00E+00  8.16E+07  6.04E-02  7.52E+04  4.11E-14     88.61 ER
     290    3   0  5.800E+02  2.00E+00  8.15E+07  6.06E-02  7.50E+04  4.14E-14     88.91 ER
     291    3   0  5.820E+02  2.00E+00  8.14E+07  6.08E-02  7.47E+04  4.16E-14     89.22 ER
     292    3   0  5.840E+02  2.00E+00  8.13E+07  6.09E-02  7.45E+04  4.18E-14     89.51 ER
     293    3   0  5.860E+02  2.00E+00  8.11E+07  6.11E-02  7.42E+04  4.20E-14     89.84 ER
     294    3   0  5.880E+02  2.00E+00  8.10E+07  6.12E-02  7.40E+04  4.23E-14     90.16 ER
     295    3   0  5.900E+02  2.00E+00  8.09E+07  6.14E-02  7.37E+04  4.25E-14     90.52 ER
     296    3   0  5.920E+02  2.00E+00  8.08E+07  6.15E-02  7.35E+04  4.26E-14     90.86 ER
     297    3   0  5.940E+02  2.00E+00  8.07E+07  6.17E-02  7.32E+04  4.28E-14     91.20 ER
     298    3   0  5.960E+02  2.00E+00  8.05E+07  6.18E-02  7.30E+04  4.30E-14     91.55 ER
     299    3   0  5.980E+02  2.00E+00  8.04E+07  6.20E-02  7.28E+04  4.32E-14     91.87 ER
     300    3   0  6.000E+02  2.00E+00  8.03E+07  6.21E-02  7.25E+04  4.33E-14     92.20 ER
     301    3   0  6.020E+02  2.00E+00  8.02E+07  6.22E-02  7.23E+04  4.35E-14     92.52 ER
     302    3   0  6.040E+02  2.00E+00  8.01E+07  6.23E-02  7.20E+04  4.36E-14     92.83 ER
     303    3   0  6.060E+02  2.00E+00  7.99E+07  6.24E-02  7.18E+04  4.37E-14     93.20 ER
     304    3   0  6.080E+02  2.00E+00  7.98E+07  6.25E-02  7.15E+04  4.38E-14     93.54 ER
     305    3   0  6.100E+02  2.00E+00  7.97E+07  6.26E-02  7.13E+04  4.40E-14     93.87 ER
     306    3   0  6.120E+02  2.00E+00  7.96E+07  6.27E-02  7.10E+04  4.41E-14     94.20 ER
     307    3   0  6.140E+02  2.00E+00  7.95E+07  6.28E-02  7.08E+04  4.42E-14     94.58 ER
     308    3   0  6.160E+02  2.00E+00  7.93E+07  6.28E-02  7.06E+04  4.43E-14     94.94 ER
     309    3   0  6.180E+02  2.00E+00  7.92E+07  6.29E-02  7.03E+04  4.43E-14     95.27 ER
     310    3   0  6.200E+02  2.00E+00  7.91E+07  6.30E-02  7.01E+04  4.44E-14     95.61 ER
     311    3   0  6.220E+02  2.00E+00  7.90E+07  6.30E-02  6.98E+04  4.44E-14     95.95 ER
     312    3   0  6.240E+02  2.00E+00  7.88E+07  6.31E-02  6.96E+04  4.45E-14     96.26 ER
     313    3   0  6.260E+02  2.00E+00  7.87E+07  6.31E-02  6.93E+04  4.45E-14     96.57 ER
     314    3   0  6.280E+02  2.00E+00  7.86E+07  6.32E-02  6.91E+04  4.46E-14     96.90 ER
     315    3   0  6.300E+02  2.00E+00  7.85E+07  6.32E-02  6.89E+04  4.46E-14     97.22 ER
     316    3   0  6.320E+02  2.00E+00  7.84E+07  6.32E-02  6.86E+04  4.46E-14     97.56 ER
     317    3   0  6.340E+02  2.00E+00  7.82E+07  6.33E-02  6.84E+04  4.47E-14     97.90 ER
     318    3   0  6.360E+02  2.00E+00  7.81E+07  6.33E-02  6.81E+04  4.47E-14     98.22 EN
     319    3   0  6.380E+02  2.00E+00  7.80E+07  6.33E-02  6.79E+04  4.47E-14     98.54 EN
     320    3   0  6.400E+02  2.00E+00  7.79E+07  6.33E-02  6.77E+04  4.47E-14     98.88 EN
     321    3   0  6.420E+02  2.00E+00  7.77E+07  6.33E-02  6.74E+04  4.46E-14     99.19 EN
     322    3   0  6.440E+02  2.00E+00  7.76E+07  6.32E-02  6.72E+04  4.46E-14     99.51 EN
     323    3   0  6.460E+02  2.00E+00  7.75E+07  6.33E-02  6.69E+04  4.46E-14     99.88 EN
     324    3   0  6.480E+02  2.00E+00  7.74E+07  6.32E-02  6.67E+04  4.45E-14    100.23 EN
     325    3   0  6.500E+02  2.00E+00  7.73E+07  6.32E-02  6.65E+04  4.44E-14    100.58 EN
     326    3   0  6.520E+02  2.00E+00  7.71E+07  6.31E-02  6.62E+04  4.44E-14    100.94 EN
     327    3   0  6.540E+02  2.00E+00  7.70E+07  6.31E-02  6.60E+04  4.43E-14    101.30 EN
     328    3   0  6.560E+02  2.00E+00  7.69E+07  6.31E-02  6.58E+04  4.42E-14    101.69 EN
     329    3   0  6.580E+02  2.00E+00  7.68E+07  6.31E-02  6.55E+04  4.41E-14    101.99 EN
     330    3   0  6.600E+02  2.00E+00  7.66E+07  6.30E-02  6.53E+04  4.40E-14    102.36 EN
     331    3   0  6.620E+02  2.00E+00  7.65E+07  6.29E-02  6.51E+04  4.39E-14    102.67 EN
     332    3   0  6.640E+02  2.00E+00  7.64E+07  6.28E-02  6.48E+04  4.38E-14    103.03 EN
     333    3   0  6.660E+02  2.00E+00  7.63E+07  6.27E-02  6.46E+04  4.37E-14    103.33 EN
     334    3   0  6.680E+02  2.00E+00  7.61E+07  6.27E-02  6.44E+04  4.36E-14    103.65 EN
     335    3   0  6.700E+02  2.00E+00  7.60E+07  6.26E-02  6.41E+04  4.35E-14    103.97 EN
     336    3   0  6.720E+02  2.00E+00  7.59E+07  6.25E-02  6.39E+04  4.33E-14    104.29 EN
     337    3   0  6.740E+02  2.00E+00  7.58E+07  6.24E-02  6.37E+04  4.32E-14    104.62 EN
     338    3   0  6.760E+02  2.00E+00  7.57E+07  6.23E-02  6.34E+04  4.30E-14    104.94 EN
     339    3   0  6.780E+02  2.00E+00  7.55E+07  6.22E-02  6.32E+04  4.28E-14    105.29 EN
     340    3   0  6.800E+02  2.00E+00  7.54E+07  6.21E-02  6.30E+04  4.27E-14    105.62 EN
     341    3   0  6.820E+02  2.00E+00  7.53E+07  6.20E-02  6.27E+04  4.25E-14    105.97 EN
     342    3   0  6.840E+02  2.00E+00  7.52E+07  6.19E-02  6.25E+04  4.24E-14    106.27 EN
     343    3   0  6.860E+02  2.00E+00  7.50E+07  6.18E-02  6.23E+04  4.21E-14    106.58 EN
     344    3   0  6.880E+02  2.00E+00  7.49E+07  6.16E-02  6.21E+04  4.19E-14    106.94 EN
     345    3   0  6.900E+02  2.00E+00  7.48E+07  6.15E-02  6.18E+04  4.18E-14    107.24 EN
     346    3   0  6.920E+02  2.00E+00  7.47E+07  6.13E-02  6.16E+04  4.15E-14    107.70 EN
     347    3   0  6.940E+02  2.00E+00  7.45E+07  6.12E-02  6.14E+04  4.13E-14    109.09 EN
     348    3   0  6.960E+02  2.00E+00  7.44E+07  6.10E-02  6.12E+04  4.11E-14    109.79 EN
     349    3   0  6.980E+02  2.00E+00  7.43E+07  6.09E-02  6.09E+04  4.09E-14    110.11 EN
     350    3   0  7.000E+02  2.00E+00  7.42E+07  6.07E-02  6.07E+04  4.06E-14    110.67 EN
     351    3   0  7.020E+02  2.00E+00  7.41E+07  6.06E-02  6.05E+04  4.04E-14    111.14 EN
     352    3   0  7.040E+02  2.00E+00  7.39E+07  6.04E-02  6.03E+04  4.02E-14    111.46 EN
     353    3   0  7.060E+02  2.00E+00  7.38E+07  6.02E-02  6.00E+04  3.99E-14    111.77 EN
     354    3   0  7.080E+02  2.00E+00  7.37E+07  6.00E-02  5.98E+04  3.97E-14    111.93 EN
     355    3   0  7.100E+02  2.00E+00  7.36E+07  5.98E-02  5.96E+04  3.94E-14    112.05 EN
     356    3   0  7.120E+02  2.00E+00  7.34E+07  5.97E-02  5.94E+04  3.92E-14    112.17 EN
     357    3   0  7.140E+02  2.00E+00  7.33E+07  5.95E-02  5.92E+04  3.89E-14    112.29 EN
     358    3   0  7.160E+02  2.00E+00  7.32E+07  5.93E-02  5.89E+04  3.86E-14    112.40 EN
     359    3   0  7.180E+02  2.00E+00  7.31E+07  5.91E-02  5.87E+04  3.83E-14    112.52 EN
     360    3   0  7.200E+02  2.00E+00  7.30E+07  5.89E-02  5.85E+04  3.81E-14    112.63 EN
     361    3   0  7.220E+02  2.00E+00  7.28E+07  5.87E-02  5.83E+04  3.78E-14    112.75 EN
     362    3   0  7.240E+02  2.00E+00  7.27E+07  5.84E-02  5.81E+04  3.75E-14    112.86 EN
     363    3   0  7.260E+02  2.00E+00  7.26E+07  5.83E-02  5.79E+04  3.72E-14    112.97 EN
     364    3   0  7.280E+02  2.00E+00  7.25E+07  5.80E-02  5.77E+04  3.69E-14    113.07 EN
     365    3   0  7.300E+02  2.00E+00  7.23E+07  5.78E-02  5.74E+04  3.66E-14    113.18 EN
     366    3   0  7.320E+02  2.00E+00  7.22E+07  5.76E-02  5.72E+04  3.63E-14    113.29 EN
     367    3   0  7.340E+02  2.00E+00  7.21E+07  5.73E-02  5.70E+04  3.60E-14    113.41 EN
     368    3   0  7.360E+02  2.00E+00  7.20E+07  5.71E-02  5.68E+04  3.57E-14    113.51 EN
     369    3   0  7.380E+02  2.00E+00  7.19E+07  5.68E-02  5.66E+04  3.54E-14    113.62 EN
     370    3   0  7.400E+02  2.00E+00  7.17E+07  5.66E-02  5.64E+04  3.51E-14    113.73 EN
     371    3   0  7.420E+02  2.00E+00  7.16E+07  5.64E-02  5.62E+04  3.48E-14    113.83 EN
     372    3   0  7.440E+02  2.00E+00  7.15E+07  5.61E-02  5.60E+04  3.45E-14    113.94 EN
     373    3   0  7.460E+02  2.00E+00  7.14E+07  5.59E-02  5.58E+04  3.41E-14    114.05 EN
     374    3   0  7.480E+02  2.00E+00  7.13E+07  5.56E-02  5.56E+04  3.38E-14    114.16 EN
     375    3   0  7.500E+02  2.00E+00  7.11E+07  5.53E-02  5.54E+04  3.35E-14    114.28 EN
     376    3   0  7.520E+02  2.00E+00  7.10E+07  5.51E-02  5.52E+04  3.32E-14    114.39 EN
     377    3   0  7.540E+02  2.00E+00  7.09E+07  5.49E-02  5.50E+04  3.28E-14    114.49 EN
     378    3   0  7.560E+02  2.00E+00  7.08E+07  5.45E-02  5.47E+04  3.25E-14    114.60 EN
     379    3   0  7.580E+02  2.00E+00  7.07E+07  5.43E-02  5.45E+04  3.21E-14    114.72 EN
     380    3   0  7.600E+02  2.00E+00  7.06E+07  5.40E-02  5.43E+04  3.18E-14    114.83 EN
     381    3   0  7.620E+02  2.00E+00  7.04E+07  5.37E-02  5.41E+04  3.15E-14    114.94 EN
     382    3   0  7.640E+02  2.00E+00  7.03E+07  5.34E-02  5.39E+04  3.11E-14    115.05 EN
     383    3   0  7.660E+02  2.00E+00  7.02E+07  5.32E-02  5.37E+04  3.08E-14    115.16 EN
     384    3   0  7.680E+02  2.00E+00  7.01E+07  5.29E-02  5.36E+04  3.05E-14    115.27 EN
     385    3   0  7.700E+02  2.00E+00  7.00E+07  5.26E-02  5.34E+04  3.01E-14    115.37 EN
     386    3   0  7.720E+02  2.00E+00  6.98E+07  5.23E-02  5.32E+04  2.98E-14    115.47 EN
     387    3   0  7.740E+02  2.00E+00  6.97E+07  5.20E-02  5.30E+04  2.94E-14    115.58 EN
     388    3   0  7.760E+02  2.00E+00  6.96E+07  5.17E-02  5.28E+04  2.91E-14    115.67 EN
     389    3   0  7.780E+02  2.00E+00  6.95E+07  5.14E-02  5.26E+04  2.87E-14    115.78 EN
     390    3   0  7.800E+02  2.00E+00  6.94E+07  5.11E-02  5.24E+04  2.84E-14    115.89 EN
     391    3   0  7.820E+02  2.00E+00  6.93E+07  5.08E-02  5.22E+04  2.80E-14    116.00 EN
     392    3   0  7.840E+02  2.00E+00  6.91E+07  5.05E-02  5.20E+04  2.77E-14    116.10 EN
     393    3   0  7.860E+02  2.00E+00  6.90E+07  5.02E-02  5.18E+04  2.73E-14    116.20 EN
     394    3   0  7.880E+02  2.00E+00  6.89E+07  4.99E-02  5.16E+04  2.70E-14    116.31 EN
     395    3   0  7.900E+02  2.00E+00  6.88E+07  4.96E-02  5.14E+04  2.67E-14    116.42 EN
     396    3   0  7.920E+02  2.00E+00  6.87E+07  4.93E-02  5.12E+04  2.63E-14    116.53 EN
     397    3   0  7.940E+02  2.00E+00  6.86E+07  4.89E-02  5.11E+04  2.60E-14    116.64 EN
     398    3   0  7.960E+02  2.00E+00  6.85E+07  4.86E-02  5.09E+04  2.56E-14    116.75 EN
     399    3   0  7.980E+02  2.00E+00  6.83E+07  4.83E-02  5.07E+04  2.53E-14    116.88 EN
     400    3   0  8.000E+02  2.00E+00  6.82E+07  4.80E-02  5.05E+04  2.50E-14    116.99 EN
     401    3   0  8.020E+02  2.00E+00  6.81E+07  4.76E-02  5.03E+04  2.46E-14    117.09 EN
     402    3   0  8.040E+02  2.00E+00  6.80E+07  4.73E-02  5.01E+04  2.42E-14    117.20 EN
     403    3   0  8.060E+02  2.00E+00  6.79E+07  4.70E-02  5.00E+04  2.39E-14    117.32 EN
     404    3   0  8.080E+02  2.00E+00  6.78E+07  4.67E-02  4.98E+04  2.36E-14    117.44 EN
     405    3   0  8.100E+02  2.00E+00  6.77E+07  4.63E-02  4.96E+04  2.32E-14    117.56 EN
     406    3   0  8.120E+02  2.00E+00  6.75E+07  4.60E-02  4.94E+04  2.29E-14    117.68 EN
     407    3   0  8.140E+02  2.00E+00  6.74E+07  4.57E-02  4.92E+04  2.26E-14    117.79 EN
     408    3   0  8.160E+02  2.00E+00  6.73E+07  4.53E-02  4.91E+04  2.22E-14    117.89 EN
     409    3   0  8.180E+02  2.00E+00  6.72E+07  4.50E-02  4.89E+04  2.19E-14    117.98 EN
     410    3   0  8.200E+02  2.00E+00  6.71E+07  4.46E-02  4.87E+04  2.16E-14    118.08 EN
     411    3   0  8.220E+02  2.00E+00  6.70E+07  4.43E-02  4.85E+04  2.12E-14    118.19 EN
     412    3   0  8.240E+02  2.00E+00  6.69E+07  4.40E-02  4.84E+04  2.09E-14    118.29 EN
     413    3   0  8.260E+02  2.00E+00  6.68E+07  4.37E-02  4.82E+04  2.06E-14    118.39 EN
     414    3   0  8.280E+02  2.00E+00  6.67E+07  4.33E-02  4.80E+04  2.03E-14    118.49 EN

  Sum    1242   0
  ---------------------------------- END OF FEAP LOG --------------------------------------
