
  --------------------------------- START OF FEAP LOG ----------------------------------

  INPUT FILE NAME: Isi_p1_mm                                                                                                                       

  MESH INPUT RECORDS
  ------------------
     KIMSetup                       
     mate            1              
     param                          
     block                          
     eboun                          
     cboun                          
     param                          
     edisp                          
     end                            

  --------------------------------- END OF MESH INPUTS ---------------------------------

  CONVERGENCE LABELS
  ----------------
    UN = Unconverged
    LI = Linear Problem: No Test
    ER = Energy & Residual Converged
    EN = Energy Converged
    RN = Residual Converged
    ET = Energy Converged to Zero Tolerance
    RT = Residual Converged to Tolerance

  SOLUTION SUMMARY
  ----------------
    Load  Total     Solution      Time     Residual Norm        Energy Norm     CPU Time Cn
    Step Tang+Form      Time      Incr.  Initial     Final   Initial     Final (Seconds)
  -----------------------------------------------------------------------------------------
       1    3   0  2.000E+00  2.00E+00  1.38E+02  7.95E-07  2.05E-01  6.83E-18      0.11 EN
       2    3   0  4.000E+00  2.00E+00  1.38E+02  8.08E-07  2.07E-01  7.05E-18      0.16 EN
       3    3   0  6.000E+00  2.00E+00  1.39E+02  8.20E-07  2.08E-01  7.28E-18      0.21 EN
       4    3   0  8.000E+00  2.00E+00  1.39E+02  8.33E-07  2.10E-01  7.52E-18      0.26 EN
       5    3   0  1.000E+01  2.00E+00  1.40E+02  8.46E-07  2.11E-01  7.75E-18      0.31 EN
       6    3   0  1.200E+01  2.00E+00  1.40E+02  8.58E-07  2.13E-01  7.99E-18      0.35 EN
       7    3   0  1.400E+01  2.00E+00  1.41E+02  8.71E-07  2.14E-01  8.22E-18      0.40 EN
       8    3   0  1.600E+01  2.00E+00  1.41E+02  8.83E-07  2.16E-01  8.46E-18      0.44 EN
       9    3   0  1.800E+01  2.00E+00  1.42E+02  8.95E-07  2.18E-01  8.70E-18      0.49 EN
      10    3   0  2.000E+01  2.00E+00  1.42E+02  9.07E-07  2.19E-01  8.94E-18      0.54 EN
      11    3   0  2.200E+01  2.00E+00  1.43E+02  9.19E-07  2.21E-01  9.18E-18      0.59 EN
      12    3   0  2.400E+01  2.00E+00  1.43E+02  9.31E-07  2.23E-01  9.42E-18      0.64 EN
      13    3   0  2.600E+01  2.00E+00  1.44E+02  9.42E-07  2.24E-01  9.66E-18      0.69 EN
      14    3   0  2.800E+01  2.00E+00  1.44E+02  9.53E-07  2.26E-01  9.90E-18      0.73 EN
      15    3   0  3.000E+01  2.00E+00  1.45E+02  9.64E-07  2.28E-01  1.01E-17      0.78 EN
      16    3   0  3.200E+01  2.00E+00  1.45E+02  9.75E-07  2.29E-01  1.04E-17      0.83 EN
      17    3   0  3.400E+01  2.00E+00  1.46E+02  9.86E-07  2.31E-01  1.06E-17      0.87 EN
      18    3   0  3.600E+01  2.00E+00  1.46E+02  9.96E-07  2.33E-01  1.08E-17      0.92 EN
      19    3   0  3.800E+01  2.00E+00  1.47E+02  1.01E-06  2.35E-01  1.11E-17      0.97 EN
      20    3   0  4.000E+01  2.00E+00  1.47E+02  1.02E-06  2.37E-01  1.13E-17      1.02 EN
      21    3   0  4.200E+01  2.00E+00  1.48E+02  1.03E-06  2.38E-01  1.15E-17      1.06 EN
      22    3   0  4.400E+01  2.00E+00  1.48E+02  1.04E-06  2.40E-01  1.18E-17      1.11 EN
      23    3   0  4.600E+01  2.00E+00  1.49E+02  1.05E-06  2.42E-01  1.20E-17      1.15 EN
      24    3   0  4.800E+01  2.00E+00  1.49E+02  1.05E-06  2.44E-01  1.22E-17      1.20 EN
      25    3   0  5.000E+01  2.00E+00  1.50E+02  1.06E-06  2.46E-01  1.24E-17      1.25 EN
      26    3   0  5.200E+01  2.00E+00  1.50E+02  1.07E-06  2.48E-01  1.26E-17      1.30 EN
      27    3   0  5.400E+01  2.00E+00  1.51E+02  1.08E-06  2.50E-01  1.28E-17      1.34 EN
      28    3   0  5.600E+01  2.00E+00  1.51E+02  1.09E-06  2.52E-01  1.30E-17      1.39 EN
      29    3   0  5.800E+01  2.00E+00  1.52E+02  1.09E-06  2.53E-01  1.32E-17      1.44 EN
      30    3   0  6.000E+01  2.00E+00  1.52E+02  1.10E-06  2.55E-01  1.34E-17      1.59 EN
      31    3   0  6.200E+01  2.00E+00  1.53E+02  1.11E-06  2.57E-01  1.35E-17      1.83 EN
      32    3   0  6.400E+01  2.00E+00  1.53E+02  1.11E-06  2.59E-01  1.37E-17      2.08 EN
      33    3   0  6.600E+01  2.00E+00  1.54E+02  1.12E-06  2.61E-01  1.38E-17      2.36 EN
      34    3   0  6.800E+01  2.00E+00  1.54E+02  1.13E-06  2.63E-01  1.40E-17      2.61 EN
      35    3   0  7.000E+01  2.00E+00  1.55E+02  1.13E-06  2.65E-01  1.41E-17      2.82 EN
      36    3   0  7.200E+01  2.00E+00  1.55E+02  1.14E-06  2.67E-01  1.43E-17      3.05 EN
      37    3   0  7.400E+01  2.00E+00  1.56E+02  1.14E-06  2.69E-01  1.44E-17      3.32 EN
      38    3   0  7.600E+01  2.00E+00  1.56E+02  1.14E-06  2.71E-01  1.45E-17      3.54 EN
      39    3   0  7.800E+01  2.00E+00  1.57E+02  1.15E-06  2.73E-01  1.46E-17      3.79 EN
      40    3   0  8.000E+01  2.00E+00  1.58E+02  1.15E-06  2.75E-01  1.47E-17      4.02 EN
      41    3   0  8.200E+01  2.00E+00  1.58E+02  1.15E-06  2.78E-01  1.48E-17      4.25 EN
      42    3   0  8.400E+01  2.00E+00  1.59E+02  1.16E-06  2.80E-01  1.48E-17      4.47 EN
      43    3   0  8.600E+01  2.00E+00  1.59E+02  1.16E-06  2.82E-01  1.49E-17      4.70 EN
      44    3   0  8.800E+01  2.00E+00  1.60E+02  1.16E-06  2.84E-01  1.49E-17      4.92 EN
      45    3   0  9.000E+01  2.00E+00  1.60E+02  1.16E-06  2.86E-01  1.50E-17      5.14 EN
      46    3   0  9.200E+01  2.00E+00  1.61E+02  1.16E-06  2.88E-01  1.50E-17      5.37 EN
      47    3   0  9.400E+01  2.00E+00  1.61E+02  1.16E-06  2.90E-01  1.50E-17      5.60 EN
      48    3   0  9.600E+01  2.00E+00  1.62E+02  1.16E-06  2.92E-01  1.50E-17      5.83 EN
      49    3   0  9.800E+01  2.00E+00  1.62E+02  1.16E-06  2.94E-01  1.50E-17      6.07 EN
      50    3   0  1.000E+02  2.00E+00  1.63E+02  1.16E-06  2.97E-01  1.50E-17      6.32 EN
      51    3   0  1.020E+02  2.00E+00  1.63E+02  1.15E-06  2.99E-01  1.49E-17      6.55 EN
      52    3   0  1.040E+02  2.00E+00  1.64E+02  1.15E-06  3.01E-01  1.49E-17      6.78 EN
      53    3   0  1.060E+02  2.00E+00  1.64E+02  1.15E-06  3.03E-01  1.48E-17      7.00 EN
      54    3   0  1.080E+02  2.00E+00  1.65E+02  1.15E-06  3.05E-01  1.47E-17      7.21 EN
      55    3   0  1.100E+02  2.00E+00  1.65E+02  1.14E-06  3.07E-01  1.47E-17      7.45 EN
      56    3   0  1.120E+02  2.00E+00  1.66E+02  1.14E-06  3.09E-01  1.46E-17      7.68 EN
      57    3   0  1.140E+02  2.00E+00  1.66E+02  1.13E-06  3.12E-01  1.45E-17      7.93 EN
      58    3   0  1.160E+02  2.00E+00  1.67E+02  1.13E-06  3.14E-01  1.43E-17      8.16 EN
